1403638524.827830 0.000378 -0.000039 0.141048 -0.014982 0.807913 0.022720 0.588673
1403638524.927830 -0.001769 -0.001564 0.181991 -0.019417 0.807463 0.023386 0.589135
1403638525.027829 -0.002303 -0.003091 0.212521 -0.024846 0.806107 0.027923 0.590588
1403638525.127830 0.001596 -0.003610 0.197324 -0.019783 0.804460 0.031660 0.592832
1403638525.227829 0.008758 -0.001557 0.161980 -0.017531 0.805258 0.036189 0.591560
1403638525.327830 0.012132 0.005040 0.116752 -0.017365 0.811499 0.040297 0.582704
1403638525.427830 0.012731 0.010529 0.070702 -0.022232 0.823012 0.043357 0.565930
1403638525.527829 0.010904 0.012724 0.029299 -0.031461 0.834626 0.043952 0.548158
1403638525.627830 0.008542 0.012482 -0.007692 -0.034942 0.840677 0.042104 0.538765
1403638525.727829 0.008121 0.011893 -0.037795 -0.033231 0.841387 0.037820 0.538083
1403638525.827830 0.008548 0.012282 -0.061923 -0.028695 0.838448 0.031933 0.543288
1403638525.927830 0.006887 0.009849 -0.078180 -0.019504 0.835428 0.029097 0.548482
1403638526.027829 0.006702 -0.006062 -0.083282 -0.013468 0.835825 0.028876 0.548071
1403638526.127830 0.005234 -0.033790 -0.074876 -0.010949 0.838488 0.022685 0.544338
1403638526.227829 0.000259 -0.067325 -0.061307 -0.008646 0.839439 0.013284 0.543223
1403638526.327830 -0.005511 -0.104401 -0.045011 -0.005192 0.836570 0.004677 0.547815
1403638526.427830 -0.012792 -0.146041 -0.029712 -0.002431 0.831667 -0.004907 0.555247
1403638526.527829 -0.022142 -0.191319 -0.018285 -0.001056 0.826510 -0.016614 0.562676
1403638526.627830 -0.032082 -0.244573 -0.010392 0.001793 0.820941 -0.026207 0.570409
1403638526.727829 -0.044897 -0.304717 -0.004118 0.007543 0.816850 -0.033392 0.575833
1403638526.827830 -0.060491 -0.369110 0.000597 0.018253 0.814635 -0.037024 0.578503
1403638526.927830 -0.079113 -0.431644 0.004592 0.022996 0.815767 -0.041117 0.576458
1403638527.027829 -0.097102 -0.489741 0.008692 0.029147 0.819898 -0.051062 0.569482
1403638527.127830 -0.113108 -0.542289 0.013283 0.037481 0.823202 -0.066175 0.562631
1403638527.227829 -0.124342 -0.585056 0.019264 0.046509 0.822338 -0.080941 0.561290
1403638527.327830 -0.129311 -0.613822 0.025668 0.061396 0.817631 -0.092461 0.564943
1403638527.427830 -0.128756 -0.624840 0.030785 0.075474 0.812761 -0.098619 0.569208
1403638527.527829 -0.122921 -0.616245 0.033211 0.081844 0.810667 -0.101151 0.570867
1403638527.627830 -0.112849 -0.587094 0.033956 0.082284 0.810852 -0.100545 0.570648
1403638527.727829 -0.096626 -0.543456 0.032150 0.078829 0.811762 -0.093961 0.570963
1403638527.827830 -0.078705 -0.491230 0.032727 0.068858 0.814444 -0.088072 0.569370
1403638527.927830 -0.062531 -0.434316 0.037176 0.054464 0.816993 -0.083518 0.567961
1403638528.027829 -0.044719 -0.380112 0.040994 0.047714 0.816494 -0.077034 0.570199
1403638528.127830 -0.025642 -0.325461 0.041971 0.038156 0.815881 -0.068559 0.572872
1403638528.227829 -0.002746 -0.275178 0.038740 0.026459 0.817298 -0.058440 0.572633
1403638528.327830 0.027077 -0.233640 0.034308 0.014742 0.818257 -0.047645 0.572685
1403638528.427830 0.060566 -0.203118 0.030045 0.012067 0.816871 -0.041638 0.575189
1403638528.527829 0.096308 -0.181320 0.026530 0.012963 0.817339 -0.040893 0.574558
1403638528.627830 0.135176 -0.167221 0.025328 0.009991 0.818769 -0.046263 0.572168
1403638528.727829 0.167811 -0.158113 0.027387 0.012186 0.818622 -0.052077 0.571838
1403638528.827830 0.189134 -0.153005 0.033472 0.014496 0.817372 -0.058374 0.572962
1403638528.927830 0.194371 -0.148759 0.044381 0.008737 0.816375 -0.066454 0.573619
1403638529.027829 0.181427 -0.140507 0.060694 0.003799 0.816929 -0.071082 0.572328
1403638529.127830 0.156547 -0.129297 0.076193 0.014920 0.817759 -0.068018 0.571333
1403638529.227829 0.124039 -0.112272 0.082202 0.030799 0.819118 -0.061042 0.569536
1403638529.327830 0.087634 -0.092779 0.078533 0.038881 0.822487 -0.056257 0.564658
1403638529.427830 0.052557 -0.069229 0.063940 0.040980 0.830280 -0.052918 0.553313
1403638529.527829 0.025290 -0.055578 0.043384 0.037215 0.841568 -0.051420 0.536409
1403638529.627830 0.005015 -0.040221 0.017876 0.038291 0.849128 -0.048350 0.524573
1403638529.727829 -0.008470 -0.031272 -0.007779 0.038240 0.849432 -0.046493 0.524254
1403638529.827830 -0.014830 -0.023567 -0.030673 0.037158 0.843723 -0.047379 0.533392
1403638529.927830 -0.016736 -0.017306 -0.048506 0.037270 0.838945 -0.047794 0.540831
1403638530.027829 -0.014287 -0.013253 -0.062023 0.037843 0.838648 -0.048144 0.541221
1403638530.127830 -0.008434 -0.010248 -0.076030 0.037893 0.840670 -0.050284 0.537876
1403638530.227829 0.004530 -0.009936 -0.088085 0.039844 0.840998 -0.055923 0.536663
1403638530.327830 0.018683 -0.011870 -0.101109 0.040507 0.840136 -0.061521 0.537351
1403638530.427830 0.032662 -0.015728 -0.110842 0.043552 0.839476 -0.065329 0.537694
1403638530.527829 0.044152 -0.019679 -0.117865 0.040755 0.839203 -0.068965 0.537885
1403638530.627830 0.051839 -0.023934 -0.123643 0.041963 0.840337 -0.071238 0.535722
1403638530.727829 0.057642 -0.026329 -0.129588 0.041694 0.844061 -0.073259 0.529580
1403638530.827830 0.062572 -0.028116 -0.135768 0.040968 0.846025 -0.073541 0.526455
1403638530.927830 0.067036 -0.028577 -0.140324 0.037658 0.845066 -0.072272 0.528415
1403638531.027829 0.070005 -0.027895 -0.143652 0.034776 0.842275 -0.071010 0.533218
1403638531.127830 0.072684 -0.026406 -0.144375 0.036157 0.838665 -0.068946 0.539056
1403638531.227829 0.073768 -0.024319 -0.145419 0.036377 0.838293 -0.064962 0.540112
1403638531.327830 0.075336 -0.022444 -0.146701 0.035857 0.834710 -0.064370 0.545738
1403638531.427830 0.075743 -0.022402 -0.147448 0.035307 0.835587 -0.063092 0.544579
1403638531.527829 0.069512 -0.022389 -0.146592 0.032279 0.834868 -0.062073 0.545985
1403638531.627830 0.062798 -0.022345 -0.145125 0.030349 0.835283 -0.059652 0.545732
1403638531.727829 0.055582 -0.021767 -0.141528 0.028341 0.835804 -0.059080 0.545104
1403638531.827830 0.054810 -0.021465 -0.140918 0.027834 0.836146 -0.059058 0.544608
1403638531.927830 0.054803 -0.021311 -0.140787 0.027923 0.836241 -0.059444 0.544415
1403638532.027829 0.054918 -0.021196 -0.140743 0.028229 0.836217 -0.059862 0.544391
1403638532.127830 0.055057 -0.021230 -0.140639 0.028595 0.836163 -0.060201 0.544417
1403638532.227829 0.054973 -0.021192 -0.140662 0.029135 0.836111 -0.060303 0.544456
1403638532.327830 0.055136 -0.021228 -0.140556 0.029537 0.836035 -0.060461 0.544535
1403638532.427830 0.055169 -0.021223 -0.140525 0.029793 0.835971 -0.060548 0.544610
1403638532.527829 0.055205 -0.021178 -0.140442 0.029973 0.835910 -0.060699 0.544676
1403638532.627830 0.055349 -0.021220 -0.140450 0.030050 0.835882 -0.060822 0.544700
1403638532.727829 0.055430 -0.021232 -0.140474 0.030049 0.835834 -0.060891 0.544767
1403638532.827830 0.055475 -0.021163 -0.140307 0.030065 0.835792 -0.060956 0.544823
1403638532.927830 0.055453 -0.021158 -0.140240 0.030135 0.835754 -0.060940 0.544879
1403638533.027829 0.055572 -0.021244 -0.140169 0.030138 0.835718 -0.060983 0.544930
1403638533.127830 0.055572 -0.021198 -0.140037 0.030127 0.835696 -0.061002 0.544962
1403638533.227829 0.055652 -0.021228 -0.139974 0.030094 0.835667 -0.061022 0.545006
1403638533.327830 0.055769 -0.021241 -0.139808 0.030092 0.835641 -0.061026 0.545045
1403638533.427830 0.055690 -0.021108 -0.139682 0.029988 0.835612 -0.061018 0.545097
1403638533.527829 0.055765 -0.021170 -0.139526 0.029914 0.835591 -0.060991 0.545136
1403638533.627830 0.055813 -0.021321 -0.139456 0.029847 0.835567 -0.060938 0.545182
1403638533.727829 0.055703 -0.021301 -0.139365 0.029824 0.835553 -0.060944 0.545205
1403638533.827830 0.055882 -0.021378 -0.139243 0.029702 0.835497 -0.060989 0.545291
1403638533.927830 0.055834 -0.021373 -0.139249 0.029566 0.835507 -0.060821 0.545302
1403638534.027829 0.055766 -0.021471 -0.139202 0.029558 0.835429 -0.060955 0.545408
1403638534.127830 0.055803 -0.021638 -0.139115 0.029584 0.835439 -0.061136 0.545370
1403638534.227829 0.055615 -0.021488 -0.138899 0.029423 0.835381 -0.061158 0.545466
1403638534.327830 0.055500 -0.021290 -0.138858 0.029188 0.835386 -0.061039 0.545484
1403638534.427830 0.055273 -0.021093 -0.139115 0.029079 0.835384 -0.061030 0.545493
1403638534.527829 0.055160 -0.021318 -0.139006 0.029320 0.835372 -0.061343 0.545464
1403638534.627830 0.055155 -0.021533 -0.138866 0.029083 0.835419 -0.060960 0.545447
1403638534.727829 0.055203 -0.021625 -0.138827 0.028850 0.835426 -0.060661 0.545482
1403638534.827830 0.055281 -0.021739 -0.138783 0.028860 0.835386 -0.060708 0.545538
1403638534.927830 0.055296 -0.021861 -0.138917 0.029107 0.835349 -0.060944 0.545556
1403638535.027829 0.055234 -0.021837 -0.138883 0.029035 0.835320 -0.060907 0.545608
1403638535.127830 0.055189 -0.021817 -0.138816 0.029006 0.835314 -0.060825 0.545627
1403638535.227829 0.055188 -0.021758 -0.138726 0.028930 0.835261 -0.060793 0.545716
1403638535.327830 0.055223 -0.021841 -0.138634 0.028869 0.835236 -0.060808 0.545756
1403638535.427830 0.055417 -0.022251 -0.138607 0.028855 0.835251 -0.060778 0.545737
1403638535.527829 0.055667 -0.022127 -0.138432 0.028784 0.835207 -0.060818 0.545804
1403638535.627830 0.055780 -0.022106 -0.138480 0.028749 0.835197 -0.060745 0.545829
1403638535.727829 0.055865 -0.022163 -0.138387 0.028717 0.835161 -0.060773 0.545883
1403638535.827830 0.055880 -0.022169 -0.138339 0.028601 0.835116 -0.060700 0.545966
1403638535.927830 0.055876 -0.022351 -0.138366 0.028530 0.835120 -0.060732 0.545960
1403638536.027829 0.056072 -0.022463 -0.138424 0.028370 0.835080 -0.060716 0.546032
1403638536.127830 0.056161 -0.022577 -0.138311 0.028318 0.835052 -0.060737 0.546075
1403638536.227829 0.056275 -0.022634 -0.138114 0.028246 0.835019 -0.060714 0.546131
1403638536.327830 0.056571 -0.022840 -0.137871 0.028125 0.834952 -0.060623 0.546250
1403638536.427830 0.056723 -0.022894 -0.137806 0.028093 0.834913 -0.060622 0.546312
1403638536.527829 0.056784 -0.022948 -0.137720 0.027978 0.834897 -0.060524 0.546352
1403638536.627830 0.056871 -0.022995 -0.137718 0.027903 0.834818 -0.060555 0.546474
1403638536.727829 0.056925 -0.023021 -0.137759 0.027893 0.834760 -0.060437 0.546575
1403638536.827830 0.056912 -0.023044 -0.137749 0.027808 0.834693 -0.060422 0.546685
1403638536.927830 0.056956 -0.023076 -0.137610 0.027727 0.834627 -0.060364 0.546795
1403638537.027829 0.056913 -0.023185 -0.137794 0.027634 0.834594 -0.060295 0.546858
1403638537.127830 0.057001 -0.023324 -0.137880 0.027645 0.834524 -0.060177 0.546977
1403638537.227829 0.057254 -0.023645 -0.137737 0.027609 0.834544 -0.060271 0.546939
1403638537.327830 0.057466 -0.023682 -0.137741 0.027491 0.834471 -0.060208 0.547062
1403638537.427830 0.057634 -0.023695 -0.137721 0.027355 0.834416 -0.060081 0.547168
1403638537.527829 0.057654 -0.023868 -0.137760 0.027286 0.834371 -0.059972 0.547251
1403638537.627830 0.057239 -0.023853 -0.137895 0.027287 0.834275 -0.059770 0.547420
1403638537.727829 0.057108 -0.023675 -0.137936 0.027270 0.834245 -0.059680 0.547476
1403638537.827830 0.057207 -0.023680 -0.137709 0.027185 0.834174 -0.059602 0.547596
1403638537.927830 0.057899 -0.023935 -0.137608 0.027160 0.834173 -0.059582 0.547602
1403638538.027829 0.057231 -0.023591 -0.137569 0.027108 0.834116 -0.059486 0.547702
1403638538.127830 0.057052 -0.023683 -0.137411 0.027102 0.833939 -0.059320 0.547989
1403638538.227829 0.057795 -0.023907 -0.137693 0.026998 0.833922 -0.059250 0.548027
1403638538.327830 0.057748 -0.023876 -0.137957 0.026907 0.833848 -0.059050 0.548167
1403638538.427830 0.057522 -0.023765 -0.137607 0.026876 0.833639 -0.058982 0.548494
1403638538.527829 0.056974 -0.023738 -0.137410 0.026763 0.833520 -0.058946 0.548683
1403638538.627830 0.056559 -0.023846 -0.137070 0.026855 0.833251 -0.058934 0.549088
1403638538.727829 0.056617 -0.023876 -0.137374 0.026859 0.832832 -0.058739 0.549745
1403638538.827830 0.057197 -0.023540 -0.137474 0.026277 0.832171 -0.058080 0.550843
1403638538.927830 0.058614 -0.023955 -0.134402 0.026181 0.829182 -0.057251 0.555422
1403638539.027829 0.061531 -0.023046 -0.131500 0.027278 0.824417 -0.057909 0.562352
1403638539.127830 0.066244 -0.026173 -0.123562 0.026769 0.817292 -0.058558 0.572616
1403638539.227829 0.070214 -0.024369 -0.108979 0.026434 0.811768 -0.057108 0.580579
1403638539.327830 0.074799 -0.021968 -0.086446 0.026265 0.810371 -0.056581 0.582586
1403638539.427830 0.080920 -0.021573 -0.056709 0.026785 0.811848 -0.055738 0.580585
1403638539.527829 0.087142 -0.021148 -0.022043 0.026857 0.813794 -0.054754 0.577944
1403638539.627830 0.092850 -0.022059 0.013487 0.026102 0.814455 -0.053828 0.577135
1403638539.727829 0.100407 -0.021345 0.038738 0.025754 0.815101 -0.052943 0.576320
1403638539.827830 0.108099 -0.020936 0.053892 0.025607 0.816726 -0.051567 0.574146
1403638539.927830 0.117765 -0.019913 0.065941 0.024394 0.820611 -0.050862 0.568696
1403638540.027829 0.130568 -0.019102 0.077660 0.023108 0.826080 -0.051251 0.560741
1403638540.127830 0.148055 -0.018232 0.088846 0.022842 0.832000 -0.051010 0.551953
1403638540.227829 0.174878 -0.016849 0.100317 0.023388 0.831944 -0.049759 0.552128
1403638540.327830 0.209277 -0.014986 0.114022 0.024192 0.825679 -0.048824 0.561502
1403638540.427830 0.245691 -0.013642 0.127319 0.023579 0.821013 -0.044963 0.568647
1403638540.527829 0.289638 -0.009081 0.135458 0.018594 0.820468 -0.036556 0.570219
1403638540.627830 0.334851 -0.003424 0.144651 0.010286 0.820562 -0.022731 0.571012
1403638540.727829 0.382174 0.003659 0.154521 0.003706 0.819612 -0.001416 0.572905
1403638540.827830 0.430768 0.014046 0.163973 -0.004703 0.818835 0.024849 0.573472
1403638540.927830 0.480596 0.029183 0.171297 -0.015874 0.817705 0.052897 0.572982
1403638541.027829 0.531092 0.049543 0.175703 -0.030293 0.815840 0.075385 0.572542
1403638541.127830 0.580456 0.074519 0.177363 -0.042153 0.813418 0.091605 0.572873
1403638541.227829 0.630202 0.103182 0.174448 -0.049379 0.812502 0.102458 0.571755
1403638541.327830 0.679804 0.136204 0.174778 -0.053039 0.811939 0.108193 0.571171
1403638541.427830 0.729042 0.173717 0.180693 -0.055231 0.812119 0.109197 0.570516
1403638541.527829 0.775185 0.217642 0.193197 -0.053888 0.810954 0.109876 0.572168
1403638541.627830 0.826516 0.266158 0.211477 -0.054660 0.809533 0.111897 0.573714
1403638541.727829 0.873790 0.324103 0.238165 -0.061658 0.807679 0.116169 0.574767
1403638541.827830 0.924065 0.384402 0.270796 -0.073516 0.806768 0.122363 0.573366
1403638541.927830 0.973243 0.447982 0.305481 -0.084685 0.805834 0.133609 0.570621
1403638542.027829 1.022671 0.513796 0.334771 -0.097026 0.804295 0.148862 0.567041
1403638542.127830 1.072074 0.580996 0.358570 -0.109709 0.801620 0.167664 0.563256
1403638542.227829 1.123176 0.649357 0.375974 -0.124913 0.798046 0.188266 0.558637
1403638542.327830 1.173825 0.718871 0.388606 -0.138843 0.793183 0.211660 0.553880
1403638542.427830 1.227034 0.789039 0.398913 -0.148392 0.782293 0.231982 0.558732
1403638542.527829 1.277877 0.861001 0.406438 -0.148586 0.769159 0.250970 0.568622
1403638542.627830 1.322293 0.937453 0.413327 -0.145446 0.761156 0.265404 0.573627
1403638542.727829 1.359293 1.018617 0.424631 -0.149054 0.761888 0.269491 0.569811
1403638542.827830 1.389563 1.105078 0.443265 -0.158006 0.766776 0.266339 0.562274
1403638542.927830 1.414914 1.195170 0.468126 -0.163534 0.772605 0.262653 0.554392
1403638543.027829 1.436752 1.288288 0.499557 -0.165979 0.776933 0.259473 0.549090
1403638543.127830 1.451447 1.386106 0.528066 -0.167652 0.779259 0.256089 0.546869
1403638543.227829 1.473016 1.484165 0.552495 -0.166563 0.780336 0.254225 0.546536
1403638543.327830 1.489403 1.587429 0.568672 -0.166308 0.781017 0.251673 0.546823
1403638543.427830 1.502599 1.689898 0.580730 -0.167424 0.780990 0.253142 0.545842
1403638543.527829 1.529383 1.794706 0.592317 -0.170786 0.779556 0.260085 0.543580
1403638543.627830 1.548198 1.907479 0.596224 -0.175383 0.775285 0.275366 0.540692
1403638543.727829 1.584541 2.026797 0.605523 -0.183389 0.769047 0.294168 0.537028
1403638543.827830 1.609558 2.143842 0.620106 -0.192629 0.759703 0.317132 0.534016
1403638543.927830 1.630794 2.268048 0.643889 -0.206312 0.750691 0.337622 0.529065
1403638544.027829 1.646112 2.390943 0.674586 -0.220799 0.744457 0.352173 0.522499
1403638544.127830 1.659568 2.513988 0.706541 -0.232459 0.741136 0.361626 0.515661
1403638544.227829 1.673866 2.642312 0.730639 -0.241890 0.738363 0.366076 0.512150
1403638544.327830 1.694173 2.769043 0.753057 -0.246018 0.736866 0.369262 0.510048
1403638544.427830 1.711035 2.899605 0.764956 -0.247078 0.737502 0.370490 0.507720
1403638544.527829 1.732511 3.031491 0.774562 -0.246012 0.736864 0.370574 0.509101
1403638544.627830 1.750671 3.165863 0.785804 -0.250282 0.731534 0.370043 0.515059
1403638544.727829 1.768865 3.301724 0.803616 -0.253786 0.727051 0.370262 0.519514
1403638544.827830 1.789574 3.435048 0.823340 -0.252671 0.728950 0.372249 0.515965
1403638544.927830 1.809411 3.570753 0.838917 -0.251511 0.731964 0.373693 0.511199
1403638545.027829 1.827264 3.701711 0.846932 -0.252881 0.731418 0.373993 0.511086
1403638545.127830 1.848907 3.829994 0.851593 -0.253853 0.730441 0.374397 0.511704
1403638545.227829 1.864763 3.960628 0.847435 -0.252729 0.730711 0.376187 0.510562
1403638545.327830 1.886884 4.080005 0.840446 -0.253564 0.728641 0.376960 0.512531
1403638545.427830 1.902129 4.212062 0.826406 -0.255630 0.727566 0.376286 0.513527
1403638545.527829 1.915872 4.346172 0.812646 -0.258758 0.726255 0.379901 0.511149
1403638545.627830 1.934200 4.453068 0.805154 -0.266259 0.722768 0.389214 0.505198
1403638545.727829 1.945632 4.590690 0.803751 -0.274496 0.716641 0.403421 0.498326
1403638545.827830 1.966165 4.684517 0.808573 -0.285269 0.706190 0.422502 0.491334
1403638545.927830 1.986352 4.762324 0.817064 -0.296396 0.694474 0.444435 0.482009
1403638546.027829 2.005521 4.822382 0.830556 -0.305949 0.681991 0.465904 0.473515
1403638546.127830 2.024758 4.896640 0.844134 -0.313127 0.671005 0.482730 0.467627
1403638546.227829 2.042862 4.965108 0.850508 -0.321277 0.664167 0.492794 0.461321
1403638546.327830 2.059979 5.054691 0.850814 -0.327861 0.660728 0.497969 0.456040
1403638546.427830 2.072023 5.124020 0.846211 -0.333653 0.659847 0.499753 0.451137
1403638546.527829 2.085733 5.223713 0.840724 -0.335270 0.658556 0.501924 0.449410
1403638546.627830 2.096819 5.343149 0.840231 -0.337363 0.654786 0.506996 0.447657
1403638546.727829 2.109271 5.451125 0.847184 -0.341353 0.649729 0.513048 0.445097
1403638546.827830 2.119461 5.577876 0.865863 -0.342132 0.645386 0.518837 0.444106
1403638546.927830 2.131156 5.692954 0.888841 -0.342418 0.642273 0.523158 0.443330
1403638547.027829 2.139072 5.822765 0.906886 -0.340914 0.639204 0.526987 0.444388
1403638547.127830 2.147719 5.945737 0.918188 -0.337322 0.636567 0.530945 0.446199
1403638547.227829 2.151038 6.079731 0.925074 -0.335321 0.635274 0.532991 0.447110
1403638547.327830 2.153667 6.215400 0.927195 -0.333863 0.634516 0.533710 0.448417
1403638547.427830 2.148389 6.350526 0.927351 -0.339008 0.637883 0.529849 0.444340
1403638547.527829 2.141128 6.492203 0.924213 -0.343677 0.641252 0.525779 0.440726
1403638547.627830 2.134025 6.636040 0.913299 -0.345671 0.643648 0.523104 0.438852
1403638547.727829 2.124874 6.777104 0.901441 -0.344299 0.643968 0.522771 0.439857
1403638547.827830 2.113679 6.918524 0.880913 -0.340030 0.641831 0.525071 0.443546
1403638547.927830 2.101616 7.066613 0.863114 -0.339625 0.641612 0.525072 0.444172
1403638548.027829 2.083006 7.200968 0.844901 -0.341136 0.640947 0.526270 0.442554
1403638548.127830 2.065751 7.355877 0.840065 -0.344475 0.638251 0.530217 0.439138
1403638548.227829 2.037794 7.471421 0.835624 -0.350847 0.632774 0.537130 0.433584
1403638548.327830 2.008740 7.613978 0.838922 -0.358547 0.624762 0.547077 0.426406
1403638548.427830 1.972924 7.691038 0.849431 -0.366348 0.614676 0.559826 0.417802
1403638548.527829 1.937075 7.765367 0.861581 -0.374853 0.605667 0.568876 0.411137
1403638548.627830 1.901604 7.832739 0.869323 -0.380789 0.597895 0.576262 0.406747
1403638548.727829 1.867740 7.930492 0.874509 -0.384949 0.593010 0.581102 0.403081
1403638548.827830 1.836020 7.968192 0.884104 -0.388408 0.589290 0.584782 0.399883
1403638548.927830 1.806096 8.074388 0.902823 -0.390626 0.587379 0.586286 0.398329
1403638549.027829 1.776371 8.202505 0.926725 -0.389750 0.586651 0.588143 0.397522
1403638549.127830 1.746134 8.328565 0.956506 -0.392035 0.587073 0.586759 0.396696
1403638549.227829 1.715353 8.457822 0.992002 -0.392452 0.587105 0.586317 0.396889
1403638549.327830 1.685936 8.587383 1.033260 -0.394077 0.588274 0.584556 0.396145
1403638549.427830 1.654920 8.721004 1.074851 -0.396511 0.589523 0.582072 0.395517
1403638549.527829 1.626245 8.854765 1.111843 -0.397340 0.590736 0.580705 0.394884
1403638549.627830 1.596268 8.991994 1.143150 -0.399299 0.589950 0.578810 0.396861
1403638549.727829 1.571074 9.124670 1.172195 -0.398206 0.589304 0.578847 0.398858
1403638549.827830 1.546113 9.260062 1.203566 -0.398327 0.590894 0.578512 0.396867
1403638549.927830 1.520408 9.398394 1.243257 -0.396362 0.591705 0.579338 0.396422
1403638550.027829 1.497823 9.539066 1.291111 -0.397004 0.592616 0.578793 0.395211
1403638550.127830 1.474447 9.684734 1.347022 -0.398045 0.593536 0.578317 0.393477
1403638550.227829 1.454101 9.830035 1.410523 -0.397777 0.593287 0.579143 0.392909
1403638550.327830 1.433512 9.978869 1.481545 -0.397043 0.592437 0.579954 0.393737
1403638550.427830 1.414823 10.128637 1.549589 -0.399076 0.591975 0.579148 0.393564
1403638550.527829 1.397302 10.275906 1.609892 -0.401572 0.593247 0.577645 0.391312
1403638550.627830 1.382092 10.426473 1.665041 -0.406050 0.592572 0.574627 0.392154
1403638550.727829 1.370562 10.572845 1.715780 -0.410291 0.591375 0.571745 0.393758
1403638550.827830 1.361566 10.720862 1.762693 -0.413661 0.589157 0.569057 0.397432
1403638550.927830 1.356116 10.868076 1.806888 -0.419866 0.584704 0.564294 0.404236
1403638551.027829 1.352632 11.013876 1.846672 -0.424959 0.581663 0.560504 0.408550
1403638551.127830 1.352465 11.152569 1.884841 -0.428135 0.580805 0.558130 0.409703
1403638551.227829 1.357086 11.278061 1.926984 -0.431875 0.581226 0.556142 0.407881
1403638551.327830 1.366691 11.398440 1.973818 -0.429152 0.585630 0.555262 0.405648
1403638551.427830 1.383014 11.511501 2.018699 -0.423406 0.596074 0.548737 0.405352
1403638551.527829 1.406639 11.614788 2.059557 -0.416277 0.610691 0.536060 0.407934
1403638551.627830 1.437729 11.716432 2.093185 -0.410324 0.627093 0.518204 0.412132
1403638551.727829 1.477461 11.812052 2.121823 -0.402535 0.642286 0.499856 0.419022
1403638551.827830 1.525561 11.903504 2.144694 -0.393060 0.655650 0.482068 0.428061
1403638551.927830 1.581447 11.989372 2.166910 -0.381152 0.662344 0.471288 0.440353
1403638552.027829 1.644566 12.068805 2.195126 -0.370611 0.664050 0.465095 0.453180
1403638552.127830 1.712030 12.139153 2.228301 -0.362957 0.666999 0.461328 0.458859
1403638552.227829 1.783352 12.202147 2.264616 -0.358311 0.671895 0.459381 0.457317
1403638552.327830 1.857653 12.260473 2.302856 -0.356262 0.674513 0.458282 0.456167
1403638552.427830 1.933325 12.319188 2.341667 -0.362039 0.673007 0.453306 0.458806
1403638552.527829 2.014345 12.365098 2.370438 -0.368891 0.669501 0.448649 0.463036
1403638552.627830 2.098076 12.402060 2.392908 -0.372405 0.666005 0.447277 0.466578
1403638552.727829 2.184365 12.428245 2.407810 -0.372203 0.665196 0.449233 0.466014
1403638552.827830 2.273536 12.444936 2.417256 -0.370951 0.663965 0.452389 0.465715
1403638552.927830 2.365933 12.464210 2.426175 -0.366982 0.662436 0.458115 0.465439
1403638553.027829 2.459831 12.465920 2.425246 -0.362234 0.659998 0.464198 0.466594
1403638553.127830 2.554141 12.472983 2.425452 -0.362715 0.656988 0.466619 0.468050
1403638553.227829 2.648064 12.465102 2.419275 -0.370997 0.651836 0.463006 0.472330
1403638553.327830 2.742921 12.459301 2.421183 -0.375886 0.645955 0.461548 0.477938
1403638553.427830 2.836157 12.435043 2.424787 -0.373866 0.640589 0.464412 0.483934
1403638553.527829 2.927462 12.403066 2.435149 -0.370762 0.635996 0.467829 0.489061
1403638553.627830 3.014132 12.358184 2.449904 -0.367848 0.632988 0.470425 0.492660
1403638553.727829 3.094441 12.301193 2.470947 -0.366219 0.632632 0.472308 0.492531
1403638553.827830 3.172627 12.235030 2.498188 -0.363982 0.633956 0.474184 0.490679
1403638553.927830 3.242260 12.158569 2.528710 -0.361748 0.635788 0.475460 0.488723
1403638554.027829 3.311880 12.078022 2.556929 -0.362078 0.640362 0.475195 0.482728
1403638554.127830 3.373633 11.988364 2.578411 -0.359660 0.642142 0.476916 0.480468
1403638554.227829 3.439227 11.898247 2.594625 -0.351323 0.647104 0.483091 0.473764
1403638554.327830 3.495328 11.801729 2.602982 -0.344120 0.651598 0.488403 0.467401
1403638554.427830 3.556725 11.708728 2.610548 -0.340452 0.653913 0.491408 0.463690
1403638554.527829 3.615860 11.617617 2.615324 -0.338985 0.654581 0.492787 0.462357
1403638554.627830 3.674116 11.528236 2.618096 -0.341928 0.656270 0.491413 0.459246
1403638554.727829 3.722767 11.435550 2.622220 -0.347555 0.657186 0.487696 0.457673
1403638554.827830 3.779893 11.347007 2.634173 -0.352216 0.657896 0.485126 0.455817
1403638554.927830 3.829597 11.256213 2.645233 -0.355536 0.658176 0.482569 0.455549
1403638555.027829 3.881039 11.164882 2.653094 -0.355883 0.659956 0.478291 0.457213
1403638555.127830 3.944579 11.076527 2.658686 -0.349856 0.664469 0.473525 0.460278
1403638555.227829 4.011478 10.987820 2.658769 -0.344006 0.671260 0.465412 0.463101
1403638555.327830 4.080226 10.897826 2.654240 -0.338272 0.676455 0.458680 0.466469
1403638555.427830 4.151465 10.807293 2.647418 -0.330717 0.678583 0.455883 0.471510
1403638555.527829 4.222564 10.716220 2.636715 -0.327940 0.680618 0.452344 0.473918
1403638555.627830 4.294764 10.625306 2.627290 -0.325750 0.681611 0.450933 0.475345
1403638555.727829 4.367702 10.533304 2.627150 -0.326197 0.683037 0.449688 0.474170
1403638555.827830 4.440359 10.439563 2.637981 -0.324858 0.683285 0.450945 0.473537
1403638555.927830 4.503432 10.342429 2.648598 -0.323496 0.682935 0.452487 0.473504
1403638556.027829 4.577196 10.251045 2.669543 -0.322728 0.681661 0.453931 0.474480
1403638556.127830 4.642073 10.158547 2.685400 -0.321484 0.683615 0.455044 0.471438
1403638556.227829 4.720487 10.069067 2.699893 -0.319537 0.688061 0.456450 0.464889
1403638556.327830 4.786722 9.979487 2.703623 -0.318563 0.690636 0.457091 0.461093
1403638556.427830 4.869550 9.896356 2.711833 -0.317754 0.692444 0.457958 0.458070
1403638556.527829 4.940138 9.814817 2.712790 -0.314927 0.695960 0.459305 0.453321
1403638556.627830 5.029706 9.742271 2.722394 -0.319389 0.698950 0.455725 0.449193
1403638556.727829 5.122908 9.674439 2.737804 -0.327158 0.698441 0.449825 0.450340
1403638556.827830 5.204924 9.600936 2.752864 -0.333463 0.695600 0.445401 0.454489
1403638556.927830 5.307987 9.537434 2.783782 -0.338348 0.694190 0.442089 0.456266
1403638557.027829 5.414519 9.477069 2.814699 -0.339689 0.692828 0.441582 0.457829
1403638557.127830 5.525174 9.421357 2.840555 -0.337417 0.690973 0.443900 0.460064
1403638557.227829 5.635789 9.367831 2.859473 -0.336499 0.689575 0.445056 0.461713
1403638557.327830 5.748819 9.316057 2.873068 -0.335381 0.688683 0.446370 0.462589
1403638557.427830 5.864110 9.265769 2.886459 -0.332093 0.686604 0.449414 0.465098
1403638557.527829 5.978831 9.217338 2.904823 -0.326419 0.683792 0.453797 0.468985
1403638557.627830 6.089888 9.176937 2.928810 -0.323111 0.681602 0.456308 0.472017
1403638557.727829 6.198612 9.136364 2.955486 -0.321931 0.681006 0.456999 0.473015
1403638557.827830 6.305653 9.098945 2.979594 -0.319890 0.680833 0.457767 0.473905
1403638557.927830 6.412159 9.062899 2.996011 -0.317018 0.681166 0.459505 0.473675
1403638558.027829 6.517295 9.027193 3.004926 -0.315299 0.683899 0.460619 0.469786
1403638558.127830 6.621006 8.992408 3.007771 -0.313138 0.689047 0.461632 0.462660
1403638558.227829 6.724247 8.960949 3.011600 -0.310032 0.695326 0.463035 0.453873
1403638558.327830 6.828188 8.935509 3.023016 -0.305753 0.697073 0.465404 0.451667
1403638558.427830 6.932308 8.916928 3.046030 -0.299512 0.699492 0.469023 0.448353
1403638558.527829 7.036201 8.907185 3.076041 -0.295978 0.702703 0.470633 0.443970
1403638558.627830 7.142291 8.906826 3.113918 -0.300753 0.704039 0.466725 0.442768
1403638558.727829 7.251691 8.914330 3.155656 -0.311118 0.704703 0.458902 0.442728
1403638558.827830 7.363259 8.925217 3.193632 -0.316509 0.704267 0.454603 0.444034
1403638558.927830 7.483289 8.940558 3.223882 -0.317342 0.701104 0.454010 0.449024
1403638559.027829 7.607984 8.958562 3.247527 -0.318078 0.695916 0.453900 0.456620
1403638559.127830 7.734646 8.979142 3.264018 -0.319236 0.692068 0.453644 0.461885
1403638559.227829 7.864765 9.001577 3.274253 -0.318403 0.688696 0.455230 0.465921
1403638559.327830 7.995087 9.025832 3.278364 -0.316754 0.686261 0.457327 0.468578
1403638559.427830 8.125526 9.051208 3.276365 -0.312761 0.683515 0.461031 0.471634
1403638559.527829 8.250212 9.079163 3.268462 -0.311510 0.681566 0.462529 0.473810
1403638559.627830 8.370732 9.109221 3.255723 -0.311898 0.679812 0.463144 0.475472
1403638559.727829 8.485407 9.140452 3.243068 -0.312317 0.678858 0.463747 0.475971
1403638559.827830 8.593747 9.172770 3.235886 -0.313534 0.679418 0.463783 0.474334
1403638559.927830 8.700530 9.208816 3.234331 -0.313754 0.680530 0.461268 0.475047
1403638560.027829 8.804857 9.245224 3.226340 -0.310632 0.686529 0.451871 0.477491
1403638560.127830 8.907008 9.281709 3.211145 -0.303269 0.695784 0.436203 0.483362
1403638560.227829 9.007884 9.318061 3.189349 -0.291679 0.706664 0.416706 0.491839
1403638560.327830 9.106081 9.353499 3.164947 -0.279880 0.716022 0.393912 0.503799
1403638560.427830 9.200745 9.387719 3.137842 -0.268081 0.724428 0.369311 0.516669
1403638560.527829 9.291562 9.419153 3.106850 -0.255572 0.732859 0.343820 0.528572
1403638560.627830 9.378490 9.446675 3.071591 -0.245418 0.743504 0.315942 0.535866
1403638560.727829 9.462329 9.469509 3.035817 -0.238177 0.754046 0.288501 0.539864
1403638560.827830 9.542420 9.484566 3.007210 -0.227733 0.761666 0.265465 0.545463
1403638560.927830 9.620711 9.491989 2.986206 -0.217380 0.767611 0.242747 0.551900
1403638561.027829 9.698308 9.491806 2.974050 -0.204410 0.770252 0.222866 0.561480
1403638561.127830 9.771879 9.482548 2.969006 -0.192759 0.772842 0.203490 0.569343
1403638561.227829 9.837357 9.464068 2.969328 -0.183545 0.774044 0.187770 0.576116
1403638561.327830 9.899487 9.438258 2.975860 -0.177224 0.775652 0.177717 0.579113
1403638561.427830 9.956423 9.404844 2.980242 -0.165089 0.781723 0.178046 0.574416
1403638561.527829 10.010726 9.366601 2.979472 -0.152447 0.786173 0.182958 0.570279
1403638561.627830 10.063029 9.326770 2.972070 -0.145590 0.788900 0.186697 0.567085
1403638561.727829 10.112058 9.285775 2.960016 -0.144028 0.789715 0.189147 0.565535
1403638561.827830 10.157184 9.243208 2.943213 -0.142591 0.789178 0.191087 0.565996
1403638561.927830 10.201593 9.199999 2.920528 -0.138293 0.789133 0.189906 0.567520
1403638562.027829 10.241607 9.155298 2.895998 -0.132765 0.790580 0.182442 0.569272
1403638562.127830 10.276706 9.108777 2.878448 -0.125241 0.792626 0.172641 0.571187
1403638562.227829 10.315357 9.065385 2.863978 -0.118243 0.794000 0.164513 0.573165
1403638562.327830 10.351346 9.023040 2.856046 -0.112222 0.795214 0.154772 0.575401
1403638562.427830 10.382745 8.979316 2.852609 -0.105340 0.796700 0.141016 0.578175
1403638562.527829 10.413823 8.934696 2.855719 -0.096438 0.799777 0.123341 0.579520
1403638562.627830 10.445299 8.889143 2.865151 -0.087922 0.801948 0.101043 0.582185
1403638562.727829 10.475034 8.840790 2.877682 -0.079182 0.804599 0.076337 0.583543
1403638562.827830 10.501589 8.788620 2.888750 -0.068144 0.806481 0.051009 0.585100
1403638562.927830 10.523577 8.732648 2.894020 -0.054677 0.808087 0.027297 0.585885
1403638563.027829 10.542446 8.673219 2.893763 -0.042826 0.808483 0.004681 0.586940
1403638563.127830 10.557669 8.609682 2.888016 -0.035999 0.809094 -0.019166 0.586262
1403638563.227829 10.569035 8.540423 2.878681 -0.022957 0.807551 -0.034740 0.588327
1403638563.327830 10.576356 8.466719 2.864966 -0.013380 0.803128 -0.045386 0.593924
1403638563.427830 10.577998 8.388928 2.847849 -0.009798 0.794649 -0.053445 0.604633
1403638563.527829 10.572150 8.306329 2.825124 -0.006367 0.792532 -0.055950 0.607225
1403638563.627830 10.557557 8.219708 2.806450 -0.002768 0.795250 -0.055003 0.603775
1403638563.727829 10.534014 8.128890 2.795178 -0.005160 0.798159 -0.055511 0.599862
1403638563.827830 10.506229 8.032885 2.790650 -0.008885 0.799573 -0.055450 0.597938
1403638563.927830 10.471123 7.932262 2.795245 -0.012205 0.798989 -0.054293 0.598765
1403638564.027829 10.430322 7.826434 2.801573 -0.015977 0.798590 -0.052061 0.599406
1403638564.127830 10.384076 7.715169 2.802858 -0.019255 0.798428 -0.048680 0.599811
1403638564.227829 10.331380 7.598093 2.799973 -0.019649 0.797653 -0.043222 0.601245
1403638564.327830 10.275887 7.474601 2.797399 -0.017707 0.796542 -0.036749 0.603205
1403638564.427830 10.211184 7.347764 2.802492 -0.018070 0.794551 -0.032826 0.606040
1403638564.527829 10.141701 7.215809 2.812305 -0.019256 0.794558 -0.030450 0.606118
1403638564.627830 10.062013 7.080931 2.824460 -0.023384 0.796743 -0.031267 0.603055
1403638564.727829 9.977984 6.940181 2.830494 -0.028321 0.798170 -0.034380 0.600784
1403638564.827830 9.885726 6.795878 2.830930 -0.031142 0.798422 -0.037408 0.600127
1403638564.927830 9.792382 6.645160 2.818085 -0.033396 0.797631 -0.039750 0.600908
1403638565.027829 9.693202 6.488783 2.787145 -0.034748 0.797622 -0.040595 0.600786
1403638565.127830 9.591003 6.327654 2.741333 -0.035682 0.798298 -0.041097 0.599798
1403638565.227829 9.486416 6.160670 2.684780 -0.035330 0.799152 -0.040572 0.598717
1403638565.327830 9.378188 5.987742 2.625195 -0.033029 0.800048 -0.039624 0.597714
1403638565.427830 9.266522 5.809652 2.563750 -0.030762 0.800907 -0.038242 0.596774
1403638565.527829 9.151335 5.624974 2.505275 -0.025347 0.798823 -0.036515 0.599921
1403638565.627830 9.032545 5.435004 2.455218 -0.016962 0.797190 -0.032968 0.602590
1403638565.727829 8.909830 5.243035 2.412738 -0.004882 0.798181 -0.026536 0.601814
1403638565.827830 8.781611 5.052496 2.377648 0.001347 0.801087 -0.023913 0.598069
1403638565.927830 8.648005 4.864989 2.349479 0.007342 0.803398 -0.021873 0.594995
1403638566.027829 8.511868 4.682219 2.320231 0.008087 0.804574 -0.022847 0.593357
1403638566.127830 8.373953 4.503713 2.283971 0.008469 0.804710 -0.023267 0.593151
1403638566.227829 8.233957 4.329585 2.239051 0.008812 0.804362 -0.023124 0.593624
1403638566.327830 8.094305 4.159335 2.186488 0.008206 0.805356 -0.023098 0.592285
1403638566.427830 7.952371 3.992411 2.127291 0.007824 0.805168 -0.021911 0.592591
1403638566.527829 7.813418 3.830645 2.061959 0.005772 0.805454 -0.021294 0.592248
1403638566.627830 7.673041 3.671904 1.989893 0.003961 0.812019 -0.020076 0.583272
1403638566.727829 7.534249 3.516962 1.911406 0.003041 0.824270 -0.018879 0.565874
1403638566.827830 7.401348 3.365368 1.829652 0.003628 0.833883 -0.015658 0.551707
1403638566.927830 7.275639 3.217390 1.745238 0.003469 0.840030 -0.012993 0.542374
1403638567.027829 7.159648 3.074530 1.659647 0.002276 0.839826 -0.011679 0.542726
1403638567.127830 7.052265 2.934800 1.576897 0.003753 0.827169 -0.009288 0.561864
1403638567.227829 6.951633 2.798998 1.489156 0.005173 0.815819 -0.007809 0.578232
1403638567.327830 6.852957 2.667463 1.395444 0.008230 0.810158 -0.006597 0.586117
1403638567.427830 6.753786 2.540554 1.301303 0.010481 0.809703 -0.006858 0.586706
1403638567.527829 6.654520 2.417341 1.211785 0.012169 0.812276 -0.007938 0.583092
1403638567.627830 6.554888 2.297161 1.130134 0.014305 0.816156 -0.008983 0.577585
1403638567.727829 6.453827 2.179149 1.057501 0.016968 0.819316 -0.009607 0.573011
1403638567.827830 6.362741 2.069935 0.993399 0.018932 0.823338 -0.009967 0.567148
1403638567.927830 6.271014 1.963374 0.936349 0.016669 0.824880 -0.012618 0.564921
1403638568.027829 6.192748 1.861271 0.884130 0.017826 0.825541 -0.012741 0.563917
1403638568.127830 6.115424 1.762966 0.841542 0.020609 0.824662 -0.011325 0.565136
1403638568.227829 6.041110 1.670155 0.807013 0.022765 0.823944 -0.010315 0.566120
1403638568.327830 5.969704 1.581772 0.776680 0.023663 0.824091 -0.010376 0.565867
1403638568.427830 5.901627 1.498380 0.743354 0.023809 0.825364 -0.010771 0.563996
1403638568.527829 5.834491 1.421820 0.705271 0.024712 0.826128 -0.010366 0.562844
1403638568.627830 5.776211 1.348749 0.665439 0.025371 0.827768 -0.009966 0.560408
1403638568.727829 5.719275 1.282828 0.624438 0.027147 0.829128 -0.008366 0.558337
1403638568.827830 5.671179 1.220938 0.591690 0.025187 0.829124 -0.009405 0.558419
1403638568.927830 5.623882 1.166952 0.564597 0.026286 0.829078 -0.008796 0.558445
1403638569.027829 5.588071 1.116069 0.549298 0.026290 0.828258 -0.008828 0.559661
1403638569.127830 5.551871 1.072241 0.538442 0.027956 0.828368 -0.007656 0.559434
1403638569.227829 5.526666 1.031376 0.536215 0.029963 0.829926 -0.006717 0.557028
1403638569.327830 5.497869 0.998493 0.526772 0.031166 0.830645 -0.006534 0.555891
1403638569.427830 5.481329 0.966731 0.516896 0.032141 0.829699 -0.006010 0.557253
1403638569.527829 5.462618 0.944341 0.498265 0.032222 0.828471 -0.005758 0.559075
1403638569.627830 5.447335 0.925802 0.480487 0.031770 0.827074 -0.006401 0.561158
1403638569.727829 5.439424 0.904201 0.471558 0.032590 0.826142 -0.006024 0.562486
1403638569.827830 5.428966 0.898687 0.467035 0.032590 0.825485 -0.005603 0.563455
1403638569.927830 5.419875 0.896730 0.467287 0.033693 0.823612 -0.004986 0.566130
1403638570.027829 5.412154 0.900166 0.467781 0.031518 0.822410 -0.006238 0.567987
1403638570.127830 5.405953 0.908955 0.462659 0.028019 0.822568 -0.008571 0.567912
1403638570.227829 5.400316 0.921240 0.451327 0.021957 0.822151 -0.011931 0.568720
1403638570.327830 5.395491 0.935777 0.434564 0.013165 0.821946 -0.018246 0.569120
1403638570.427830 5.392756 0.950526 0.413133 0.009492 0.821785 -0.028380 0.569012
1403638570.527829 5.398265 0.942911 0.387528 0.003105 0.820921 -0.050220 0.568821
1403638570.627830 5.397311 0.951590 0.355226 -0.001110 0.817725 -0.079374 0.570110
1403638570.727829 5.405660 0.932061 0.322920 0.004116 0.810285 -0.106888 0.576191
1403638570.827830 5.413564 0.906303 0.290006 0.013177 0.798271 -0.133981 0.587060
1403638570.927830 5.416224 0.872436 0.255468 0.026970 0.788898 -0.156836 0.593561
1403638571.027829 5.409567 0.828049 0.216488 0.041868 0.782549 -0.177942 0.595148
1403638571.127830 5.391596 0.771856 0.172234 0.061995 0.783999 -0.193844 0.586453
1403638571.227829 5.363640 0.708360 0.133811 0.083453 0.786619 -0.202498 0.577288
1403638571.327830 5.334446 0.643144 0.106763 0.101727 0.787167 -0.207378 0.571851
1403638571.427830 5.296512 0.575292 0.090017 0.109475 0.785164 -0.213418 0.570951
1403638571.527829 5.253366 0.503648 0.080738 0.115324 0.782202 -0.216784 0.572595
1403638571.627830 5.205845 0.428709 0.070371 0.121908 0.781034 -0.223705 0.570158
1403638571.727829 5.154545 0.350939 0.054181 0.128950 0.781156 -0.235399 0.563697
1403638571.827830 5.099460 0.270060 0.032594 0.137278 0.779986 -0.250767 0.556679
1403638571.927830 5.041994 0.185583 0.009273 0.144674 0.775459 -0.270120 0.552058
1403638572.027829 4.981044 0.096865 -0.008183 0.153560 0.769252 -0.289697 0.548403
1403638572.127830 4.916336 0.003762 -0.017095 0.164543 0.762128 -0.307771 0.545310
1403638572.227829 4.846635 -0.092488 -0.018726 0.181183 0.756785 -0.322667 0.538828
1403638572.327830 4.774489 -0.191649 -0.020181 0.194561 0.752736 -0.340540 0.528741
1403638572.427830 4.701916 -0.294661 -0.025101 0.208271 0.748145 -0.357331 0.518862
1403638572.527829 4.629937 -0.400638 -0.032141 0.221000 0.744798 -0.367970 0.510914
1403638572.627830 4.560215 -0.509829 -0.038777 0.229563 0.741642 -0.374595 0.506898
1403638572.727829 4.491812 -0.623415 -0.040971 0.236731 0.741358 -0.377173 0.502083
1403638572.827830 4.428036 -0.739322 -0.031777 0.242598 0.743484 -0.376279 0.496782
1403638572.927830 4.368960 -0.859022 -0.015227 0.244006 0.745380 -0.375664 0.493707
1403638573.027829 4.313950 -0.981545 0.001593 0.244435 0.747844 -0.374484 0.490655
1403638573.127830 4.266166 -1.104673 0.014951 0.243225 0.750052 -0.372889 0.489098
1403638573.227829 4.221729 -1.231816 0.022957 0.241692 0.750965 -0.371149 0.489780
1403638573.327830 4.182330 -1.360854 0.031310 0.240236 0.751985 -0.369123 0.490462
1403638573.427830 4.147491 -1.493371 0.041197 0.241313 0.753058 -0.369542 0.487965
1403638573.527829 4.118861 -1.629513 0.057342 0.244340 0.752882 -0.369638 0.486656
1403638573.627830 4.095806 -1.768297 0.082600 0.245634 0.752531 -0.370130 0.486173
1403638573.727829 4.077803 -1.907931 0.112399 0.250044 0.751902 -0.372138 0.483358
1403638573.827830 4.064978 -2.050838 0.144785 0.260878 0.744826 -0.376407 0.485278
1403638573.927830 4.057255 -2.194225 0.172915 0.275032 0.732439 -0.385399 0.489243
1403638574.027829 4.053446 -2.336256 0.194739 0.282673 0.714411 -0.404017 0.496471
1403638574.127830 4.049572 -2.475257 0.210804 0.288215 0.693201 -0.427383 0.503734
1403638574.227829 4.043028 -2.611422 0.221834 0.295443 0.672430 -0.451452 0.506697
1403638574.327830 4.030823 -2.743642 0.229426 0.306238 0.657085 -0.473050 0.500681
1403638574.427830 4.012052 -2.872988 0.233661 0.320246 0.645520 -0.491683 0.488870
1403638574.527829 3.987666 -2.999020 0.236542 0.332072 0.634562 -0.508962 0.477510
1403638574.627830 3.958476 -3.122812 0.246286 0.342818 0.625185 -0.519745 0.470621
1403638574.727829 3.925630 -3.244964 0.263676 0.355152 0.622336 -0.523963 0.460464
1403638574.827830 3.892235 -3.364164 0.286830 0.361920 0.624523 -0.526749 0.448910
1403638574.927830 3.858993 -3.482108 0.308498 0.360693 0.626882 -0.531395 0.441064
1403638575.027829 3.826862 -3.599868 0.323802 0.356782 0.627828 -0.535086 0.438431
1403638575.127830 3.795122 -3.718159 0.332386 0.349367 0.625441 -0.539820 0.441997
1403638575.227829 3.758460 -3.836473 0.338401 0.344963 0.623356 -0.541691 0.446093
1403638575.327830 3.721862 -3.957282 0.337633 0.341409 0.624007 -0.542264 0.447219
1403638575.427830 3.682063 -4.079731 0.331297 0.338043 0.629132 -0.541874 0.443048
1403638575.527829 3.637038 -4.202744 0.325784 0.336718 0.633823 -0.539702 0.440013
1403638575.627830 3.593727 -4.331303 0.318905 0.339044 0.640522 -0.535122 0.434081
1403638575.727829 3.551006 -4.464878 0.318510 0.341622 0.646691 -0.530539 0.428501
1403638575.827830 3.509478 -4.601871 0.325134 0.342561 0.652545 -0.527914 0.422070
1403638575.927830 3.470328 -4.742593 0.343179 0.341703 0.654373 -0.526797 0.421332
1403638576.027829 3.434263 -4.887027 0.371896 0.341922 0.654731 -0.525566 0.422133
1403638576.127830 3.401083 -5.034337 0.407641 0.342778 0.654424 -0.524918 0.422721
1403638576.227829 3.371516 -5.185226 0.445651 0.345279 0.653466 -0.523288 0.424186
1403638576.327830 3.345551 -5.338842 0.478031 0.350192 0.654402 -0.520139 0.422585
1403638576.427830 3.323403 -5.496062 0.505091 0.353714 0.656418 -0.518024 0.419110
1403638576.527829 3.306482 -5.656186 0.527494 0.359241 0.660120 -0.514293 0.413147
1403638576.627830 3.296774 -5.818461 0.545878 0.362954 0.662841 -0.511960 0.408416
1403638576.727829 3.296282 -5.982070 0.560554 0.366217 0.662082 -0.509528 0.409774
1403638576.827830 3.304281 -6.146975 0.570905 0.371063 0.657953 -0.506170 0.416175
1403638576.927830 3.319795 -6.310319 0.575809 0.371140 0.652314 -0.506529 0.424464
1403638577.027829 3.342142 -6.471254 0.576849 0.367053 0.647571 -0.509628 0.431514
1403638577.127830 3.368775 -6.628878 0.581807 0.363840 0.643885 -0.512403 0.436435
1403638577.227829 3.398248 -6.785356 0.593962 0.361584 0.642285 -0.514298 0.438436
1403638577.327830 3.431411 -6.939950 0.612871 0.365528 0.644613 -0.511521 0.434982
1403638577.427830 3.467444 -7.093573 0.639569 0.371752 0.649191 -0.506604 0.428606
1403638577.527829 3.509044 -7.245544 0.667998 0.372181 0.649813 -0.506102 0.427885
1403638577.627830 3.555583 -7.396139 0.690989 0.369349 0.648961 -0.508098 0.429264
1403638577.727829 3.605855 -7.544386 0.707437 0.366968 0.648778 -0.509581 0.429825
1403638577.827830 3.659918 -7.692313 0.716488 0.364566 0.648539 -0.510775 0.430811
1403638577.927830 3.717576 -7.840020 0.721164 0.364488 0.648778 -0.510057 0.431368
1403638578.027829 3.778199 -7.989813 0.729352 0.365340 0.649017 -0.508622 0.431980
1403638578.127830 3.844610 -8.136257 0.743487 0.362755 0.647537 -0.509446 0.435395
1403638578.227829 3.913979 -8.283275 0.763748 0.354655 0.642511 -0.514619 0.443359
1403638578.327830 3.983868 -8.430458 0.787354 0.348578 0.639191 -0.518670 0.448230
1403638578.427830 4.051936 -8.575808 0.806129 0.348414 0.638600 -0.519186 0.448602
1403638578.527829 4.118055 -8.719159 0.818219 0.348421 0.638061 -0.519780 0.448676
1403638578.627830 4.182458 -8.860532 0.826139 0.349607 0.637186 -0.519706 0.449081
1403638578.727829 4.242943 -9.006684 0.831778 0.353486 0.638756 -0.517347 0.446532
1403638578.827830 4.304624 -9.144676 0.832463 0.358795 0.642380 -0.513697 0.441282
1403638578.927830 4.365682 -9.287794 0.832488 0.362914 0.643615 -0.510851 0.439414
1403638579.027829 4.431315 -9.421796 0.834274 0.364775 0.644688 -0.508790 0.438691
1403638579.127830 4.498208 -9.564289 0.848945 0.365086 0.645023 -0.507791 0.439097
1403638579.227829 4.569831 -9.697527 0.868700 0.364931 0.644958 -0.507578 0.439568
1403638579.327830 4.641574 -9.834241 0.894270 0.361684 0.643433 -0.509281 0.442506
1403638579.427830 4.716777 -9.962794 0.915634 0.354022 0.638898 -0.514613 0.449056
1403638579.527829 4.791551 -10.090007 0.931012 0.349000 0.635754 -0.517005 0.454667
1403638579.627830 4.865055 -10.214574 0.942415 0.350781 0.633332 -0.509001 0.465576
1403638579.727829 4.937536 -10.336072 0.948375 0.351883 0.638926 -0.492842 0.474403
1403638579.827830 5.009411 -10.451952 0.947785 0.345325 0.654076 -0.472712 0.479039
1403638579.927830 5.081702 -10.563002 0.941090 0.330898 0.674595 -0.449496 0.483096
1403638580.027829 5.155437 -10.670068 0.930680 0.314472 0.691798 -0.419644 0.496410
1403638580.127830 5.228777 -10.770205 0.919124 0.297518 0.704460 -0.383236 0.518025
1403638580.227829 5.300933 -10.862119 0.903596 0.273938 0.719894 -0.346538 0.535371
1403638580.327830 5.369645 -10.944420 0.882022 0.244967 0.737055 -0.314972 0.545467
1403638580.427830 5.433060 -11.020868 0.855671 0.214788 0.750522 -0.294481 0.551238
1403638580.527829 5.491255 -11.094218 0.826634 0.193617 0.758943 -0.280116 0.555025
1403638580.627830 5.545094 -11.164643 0.795444 0.177523 0.767058 -0.266321 0.556040
1403638580.727829 5.594770 -11.232512 0.766673 0.163937 0.777809 -0.250534 0.552603
1403638580.827830 5.639663 -11.299154 0.746070 0.156849 0.785791 -0.237521 0.549104
1403638580.927830 5.681598 -11.364652 0.734219 0.152768 0.789980 -0.229274 0.547747
1403638581.027829 5.723655 -11.433373 0.732511 0.148411 0.791146 -0.227189 0.548131
1403638581.127830 5.765326 -11.499731 0.737853 0.149378 0.791613 -0.225306 0.547970
1403638581.227829 5.807531 -11.565178 0.747928 0.152052 0.791790 -0.224701 0.547228
1403638581.327830 5.848560 -11.632221 0.758197 0.155884 0.791444 -0.225306 0.546401
1403638581.427830 5.890401 -11.694865 0.769332 0.159249 0.789655 -0.226335 0.547593
1403638581.527829 5.931154 -11.757531 0.784836 0.161783 0.788425 -0.228644 0.547662
1403638581.627830 5.974697 -11.816500 0.804022 0.165706 0.786111 -0.229779 0.549338
1403638581.727829 6.017325 -11.875485 0.817687 0.170229 0.781501 -0.229646 0.554563
1403638581.827830 6.060612 -11.928152 0.824903 0.171948 0.779858 -0.231060 0.555757
1403638581.927830 6.103717 -11.976724 0.829117 0.175151 0.773141 -0.230603 0.564267
1403638582.027829 6.142496 -12.023876 0.827535 0.177360 0.769672 -0.229854 0.568609
1403638582.127830 6.180955 -12.062785 0.833230 0.175483 0.775968 -0.232107 0.559648
1403638582.227829 6.215962 -12.101375 0.846235 0.172729 0.782019 -0.234435 0.551046
1403638582.327830 6.251457 -12.137462 0.872578 0.174877 0.780505 -0.232670 0.553258
1403638582.427830 6.290987 -12.166043 0.912835 0.176658 0.777974 -0.231239 0.556846
1403638582.527829 6.325952 -12.195733 0.957805 0.177684 0.776851 -0.230253 0.558493
1403638582.627830 6.364181 -12.214072 1.019061 0.178445 0.776672 -0.229808 0.558683
1403638582.727829 6.397814 -12.235114 1.082233 0.177596 0.779251 -0.230720 0.554974
1403638582.827830 6.432269 -12.241614 1.157375 0.177231 0.780537 -0.231732 0.552857
1403638582.927830 6.467184 -12.257951 1.224042 0.176928 0.781828 -0.232855 0.550654
1403638583.027829 6.502203 -12.271334 1.283040 0.176016 0.784579 -0.234419 0.546353
1403638583.127830 6.537668 -12.283074 1.334425 0.175495 0.786649 -0.235567 0.543041
1403638583.227829 6.574993 -12.293365 1.378792 0.174566 0.787684 -0.237004 0.541211
1403638583.327830 6.615457 -12.290765 1.423868 0.175117 0.787542 -0.236904 0.541283
1403638583.427830 6.655060 -12.296212 1.459062 0.174789 0.787874 -0.237130 0.540808
1403638583.527829 6.698973 -12.302372 1.496958 0.174481 0.788462 -0.237193 0.540022
1403638583.627830 6.744511 -12.307329 1.543579 0.175270 0.788374 -0.236612 0.540150
1403638583.727829 6.790951 -12.310124 1.594945 0.176495 0.788277 -0.235829 0.540235
1403638583.827830 6.837705 -12.294170 1.647507 0.177138 0.788071 -0.235304 0.540553
1403638583.927830 6.887132 -12.292268 1.688298 0.176831 0.787265 -0.235272 0.541841
1403638584.027829 6.938978 -12.289005 1.722882 0.177888 0.786587 -0.234481 0.542822
1403638584.127830 6.987340 -12.262324 1.759077 0.182329 0.779599 -0.231227 0.552735
1403638584.227829 7.040969 -12.253794 1.786975 0.186541 0.769934 -0.227566 0.566231
1403638584.327830 7.083159 -12.213322 1.811778 0.188041 0.764034 -0.226327 0.574168
1403638584.427830 7.116923 -12.164703 1.828459 0.187987 0.763037 -0.226299 0.575521
1403638584.527829 7.145422 -12.110496 1.840509 0.187518 0.762491 -0.226595 0.576280
1403638584.627830 7.178649 -12.072810 1.858406 0.187169 0.763702 -0.226383 0.574872
1403638584.727829 7.209964 -12.030895 1.884977 0.185016 0.767373 -0.227521 0.570213
1403638584.827830 7.225334 -11.958528 1.914934 0.180580 0.775371 -0.230692 0.559439
1403638584.927830 7.247407 -11.902642 1.947806 0.175488 0.781464 -0.234783 0.550814
1403638585.027829 7.255061 -11.817028 1.971967 0.173873 0.784145 -0.236133 0.546924
1403638585.127830 7.266841 -11.735625 1.986849 0.172657 0.784299 -0.237378 0.546549
1403638585.227829 7.293475 -11.679806 2.003320 0.172616 0.783223 -0.237619 0.547999
1403638585.327830 7.304176 -11.597660 2.004179 0.173787 0.780841 -0.236611 0.551453
1403638585.427830 7.331110 -11.539922 2.011264 0.173605 0.780292 -0.236470 0.552348
1403638585.527829 7.338737 -11.459026 2.004559 0.173812 0.781259 -0.236338 0.550971
1403638585.627830 7.368974 -11.400974 2.021944 0.173004 0.783337 -0.236479 0.548206
1403638585.727829 7.380315 -11.325486 2.026546 0.171612 0.787314 -0.237273 0.542575
1403638585.827830 7.407820 -11.262696 2.057680 0.168811 0.792026 -0.239371 0.535630
1403638585.927830 7.414541 -11.183487 2.070559 0.165635 0.794399 -0.241864 0.531975
1403638586.027829 7.420040 -11.106117 2.088054 0.165675 0.791715 -0.242120 0.535832
1403638586.127830 7.462017 -11.052471 2.128259 0.168005 0.788018 -0.241874 0.540647
1403638586.227829 7.472519 -10.978788 2.141837 0.169704 0.785693 -0.240702 0.544013
1403638586.327830 7.514464 -10.925997 2.168528 0.173060 0.782519 -0.238941 0.548290
1403638586.427830 7.520602 -10.853168 2.171113 0.180610 0.779923 -0.233918 0.551709
1403638586.527829 7.560019 -10.797484 2.186228 0.187231 0.778914 -0.229757 0.552675
1403638586.627830 7.557995 -10.717799 2.173674 0.184500 0.779494 -0.231464 0.552062
1403638586.727829 7.594541 -10.654941 2.174743 0.181006 0.779515 -0.234049 0.552099
1403638586.827830 7.631150 -10.589804 2.169403 0.177902 0.778717 -0.236046 0.553384
1403638586.927830 7.619871 -10.504461 2.136585 0.177597 0.778121 -0.235414 0.554587
1403638587.027829 7.651439 -10.435284 2.119566 0.176778 0.777958 -0.235714 0.554950
1403638587.127830 7.635496 -10.346090 2.084753 0.175741 0.778148 -0.236110 0.554845
1403638587.227829 7.663741 -10.273509 2.076279 0.175507 0.780418 -0.235568 0.551953
1403638587.327830 7.647282 -10.177421 2.061382 0.174946 0.781991 -0.235906 0.549757
1403638587.427830 7.672023 -10.099488 2.064886 0.173525 0.782613 -0.236869 0.548908
1403638587.527829 7.656597 -10.000538 2.055761 0.172070 0.782344 -0.237765 0.549361
1403638587.627830 7.679137 -9.920833 2.053247 0.171112 0.782293 -0.239017 0.549190
1403638587.727829 7.652966 -9.820199 2.034059 0.171191 0.782115 -0.238863 0.549485
1403638587.827830 7.674711 -9.741058 2.020878 0.170475 0.781642 -0.240082 0.549850
1403638587.927830 7.636513 -9.648251 1.992117 0.169808 0.781253 -0.240412 0.550464
1403638588.027829 7.652325 -9.569984 1.968892 0.169628 0.780592 -0.240461 0.551435
1403638588.127830 7.606688 -9.484617 1.936884 0.172526 0.780928 -0.237986 0.551134
1403638588.227829 7.618546 -9.406678 1.907806 0.178874 0.781806 -0.233311 0.549863
1403638588.327830 7.576449 -9.322147 1.880207 0.179263 0.782436 -0.232136 0.549337
1403638588.427830 7.586584 -9.239682 1.861630 0.179086 0.782327 -0.232042 0.549590
1403638588.527829 7.566655 -9.144716 1.854386 0.176744 0.782056 -0.233353 0.550178
1403638588.627830 7.574475 -9.056972 1.851583 0.174446 0.781400 -0.234575 0.551324
1403638588.727829 7.556750 -8.956159 1.859263 0.171639 0.779681 -0.236459 0.553827
1403638588.827830 7.562263 -8.864984 1.863421 0.170828 0.779023 -0.237256 0.554662
1403638588.927830 7.546651 -8.763078 1.865008 0.169443 0.778751 -0.238691 0.554853
1403638589.027829 7.547822 -8.671263 1.854707 0.169342 0.778719 -0.239412 0.554618
1403638589.127830 7.535507 -8.570258 1.842418 0.170766 0.778852 -0.238936 0.554200
1403638589.227829 7.534468 -8.477378 1.820013 0.170897 0.778498 -0.238895 0.554676
1403638589.327830 7.524032 -8.376477 1.799263 0.171063 0.777760 -0.239006 0.555611
1403638589.427830 7.518421 -8.282085 1.776011 0.170432 0.777803 -0.239236 0.555645
1403638589.527829 7.506047 -8.178179 1.762408 0.170221 0.778100 -0.239276 0.555277
1403638589.627830 7.496747 -8.083757 1.750845 0.170585 0.777914 -0.239047 0.555525
1403638589.727829 7.484202 -7.983033 1.753409 0.169929 0.779606 -0.239846 0.553004
1403638589.827830 7.472604 -7.888932 1.753219 0.169554 0.780430 -0.240777 0.551550
1403638589.927830 7.460093 -7.792579 1.754680 0.170756 0.780870 -0.240835 0.550530
1403638590.027829 7.447567 -7.698359 1.743901 0.169787 0.780426 -0.242270 0.550829
1403638590.127830 7.436297 -7.609324 1.735986 0.170442 0.779881 -0.242596 0.551255
1403638590.227829 7.423576 -7.515822 1.715513 0.170839 0.779027 -0.242904 0.552203
1403638590.327830 7.412212 -7.428290 1.699894 0.170856 0.778722 -0.243155 0.552518
1403638590.427830 7.397784 -7.335341 1.672829 0.171283 0.779734 -0.243394 0.550851
1403638590.527829 7.388581 -7.239163 1.651689 0.170249 0.779762 -0.244307 0.550728
1403638590.627830 7.373850 -7.147891 1.628939 0.169392 0.781806 -0.244786 0.547874
1403638590.727829 7.366180 -7.051012 1.621964 0.167330 0.782809 -0.246291 0.546400
1403638590.827830 7.353724 -6.961124 1.616141 0.167493 0.783865 -0.246065 0.544935
1403638590.927830 7.348711 -6.863093 1.624188 0.166702 0.784392 -0.246874 0.544052
1403638591.027829 7.337777 -6.779270 1.633082 0.165548 0.785170 -0.248085 0.542729
1403638591.127830 7.331641 -6.694572 1.649496 0.164935 0.787826 -0.248892 0.538683
1403638591.227829 7.323124 -6.615480 1.650525 0.163320 0.792794 -0.250536 0.531071
1403638591.327830 7.320267 -6.539323 1.655423 0.160009 0.798473 -0.253177 0.522244
1403638591.427830 7.320911 -6.468531 1.655446 0.157545 0.801680 -0.255364 0.516989
1403638591.527829 7.326260 -6.401797 1.648766 0.154604 0.804242 -0.257728 0.512707
1403638591.627830 7.336936 -6.340005 1.635966 0.152539 0.806280 -0.259200 0.509372
1403638591.727829 7.356386 -6.285711 1.615804 0.152351 0.805118 -0.259931 0.510892
1403638591.827830 7.380491 -6.240891 1.600610 0.153797 0.802676 -0.258795 0.514861
1403638591.927830 7.410963 -6.206304 1.590224 0.155037 0.799996 -0.257449 0.519316
1403638592.027829 7.448583 -6.178029 1.584096 0.155589 0.797314 -0.256915 0.523524
1403638592.127830 7.490689 -6.159252 1.589975 0.155672 0.795725 -0.255604 0.526550
1403638592.227829 7.538645 -6.145015 1.603507 0.151707 0.791034 -0.252299 0.536279
1403638592.327830 7.586616 -6.138849 1.631450 0.144662 0.786265 -0.245631 0.548202
1403638592.427830 7.635014 -6.126218 1.663620 0.133620 0.785774 -0.233978 0.556739
1403638592.527829 7.678014 -6.129193 1.709181 0.123068 0.790940 -0.219422 0.557783
1403638592.627830 7.718187 -6.125899 1.757774 0.116338 0.798270 -0.206258 0.553794
1403638592.727829 7.757210 -6.122887 1.809055 0.110673 0.805422 -0.196821 0.548004
1403638592.827830 7.796894 -6.123533 1.855595 0.105497 0.811742 -0.191351 0.541599
1403638592.927830 7.837592 -6.127279 1.896494 0.103622 0.815196 -0.187047 0.538267
1403638593.027829 7.880865 -6.135327 1.932406 0.102625 0.816596 -0.184490 0.537218
1403638593.127830 7.929825 -6.152195 1.961599 0.102189 0.816657 -0.183415 0.537575
1403638593.227829 7.983346 -6.173315 1.996219 0.105124 0.813237 -0.181465 0.542831
1403638593.327830 8.037690 -6.192825 2.040173 0.113214 0.810608 -0.176737 0.546682
1403638593.427830 8.092254 -6.213380 2.086886 0.123298 0.805988 -0.171183 0.553061
1403638593.527829 8.147004 -6.233414 2.127638 0.128592 0.802260 -0.169266 0.557846
1403638593.627830 8.202407 -6.251664 2.160607 0.131605 0.800333 -0.169001 0.559988
1403638593.727829 8.257341 -6.266176 2.187546 0.133462 0.798422 -0.168663 0.562372
1403638593.827830 8.315033 -6.279017 2.208382 0.132387 0.792122 -0.169705 0.571154
1403638593.927830 8.366760 -6.284293 2.236388 0.126639 0.782889 -0.167565 0.585635
1403638594.027829 8.412566 -6.285548 2.265944 0.118772 0.785304 -0.164762 0.584846
1403638594.127830 8.451290 -6.283881 2.300059 0.113277 0.791207 -0.161777 0.578781
1403638594.227829 8.485502 -6.280736 2.334006 0.113176 0.795987 -0.156796 0.573595
1403638594.327830 8.517356 -6.277589 2.363216 0.113429 0.796211 -0.152509 0.574389
1403638594.427830 8.544925 -6.269627 2.395566 0.117844 0.794762 -0.146200 0.577141
1403638594.527829 8.570178 -6.259758 2.429712 0.116329 0.794447 -0.144980 0.578189
1403638594.627830 8.588268 -6.242550 2.473120 0.110580 0.794965 -0.147469 0.577976
1403638594.727829 8.605688 -6.226755 2.514929 0.106798 0.795523 -0.150423 0.577157
1403638594.827830 8.617183 -6.206758 2.553327 0.105275 0.795852 -0.152171 0.576524
1403638594.927830 8.628535 -6.189190 2.582341 0.105118 0.796729 -0.153178 0.575074
1403638595.027829 8.636116 -6.170649 2.603948 0.104383 0.798270 -0.154768 0.572639
1403638595.127830 8.636975 -6.147597 2.621207 0.104198 0.799169 -0.155918 0.571104
1403638595.227829 8.640571 -6.129534 2.629537 0.104944 0.799650 -0.156240 0.570207
1403638595.327830 8.642086 -6.111131 2.631834 0.105301 0.799751 -0.156457 0.569940
1403638595.427830 8.641918 -6.092927 2.629122 0.104868 0.799605 -0.157301 0.569992
1403638595.527829 8.640106 -6.075401 2.621735 0.104821 0.800206 -0.157286 0.569161
1403638595.627830 8.637079 -6.058347 2.615860 0.105329 0.800831 -0.156554 0.568389
1403638595.727829 8.631913 -6.036410 2.624437 0.109538 0.801325 -0.153574 0.567710
1403638595.827830 8.623868 -6.017681 2.626092 0.112246 0.802134 -0.151954 0.566473
1403638595.927830 8.616044 -5.997348 2.618174 0.113438 0.801874 -0.151390 0.566755
1403638596.027829 8.608003 -5.975553 2.596588 0.117407 0.801630 -0.148723 0.566998
1403638596.127830 8.599395 -5.951361 2.569138 0.127620 0.802722 -0.141827 0.565009
1403638596.227829 8.589181 -5.921716 2.544170 0.139433 0.804649 -0.133114 0.561587
1403638596.327830 8.589215 -5.877421 2.542685 0.150459 0.805673 -0.125005 0.559131
1403638596.427830 8.581730 -5.830160 2.534971 0.157083 0.805552 -0.119434 0.558701
1403638596.527829 8.589144 -5.760100 2.556044 0.163873 0.805220 -0.113909 0.558382
1403638596.627830 8.591022 -5.686875 2.567432 0.171075 0.805646 -0.108060 0.556768
1403638596.727829 8.597270 -5.596799 2.586784 0.177327 0.806207 -0.103139 0.554930
1403638596.827830 8.622035 -5.478575 2.635638 0.181673 0.805735 -0.099819 0.554818
1403638596.927830 8.636666 -5.354305 2.667898 0.183983 0.804700 -0.097877 0.555903
1403638597.027829 8.666590 -5.202239 2.718112 0.185881 0.803631 -0.097988 0.556798
1403638597.127830 8.698303 -5.034862 2.759785 0.188743 0.801996 -0.097087 0.558348
1403638597.227829 8.732113 -4.850217 2.793901 0.189365 0.799838 -0.098482 0.560983
1403638597.327830 8.768820 -4.646751 2.821034 0.185933 0.797777 -0.102337 0.564365
1403638597.427830 8.806235 -4.432668 2.837268 0.180025 0.795735 -0.108198 0.568058
1403638597.527829 8.841718 -4.211657 2.846202 0.168118 0.791354 -0.117311 0.575963
1403638597.627830 8.874846 -3.982221 2.849985 0.158943 0.788073 -0.124767 0.581473
1403638597.727829 8.904337 -3.746008 2.848642 0.158555 0.787288 -0.125395 0.582507
1403638597.827830 8.930960 -3.502331 2.843083 0.163806 0.789838 -0.115606 0.579620
1403638597.927830 8.954614 -3.249626 2.832816 0.167883 0.792424 -0.104226 0.577076
1403638598.027829 8.976809 -2.986264 2.824650 0.165584 0.793345 -0.097701 0.577616
1403638598.127830 8.998252 -2.711320 2.822915 0.150022 0.793873 -0.101657 0.580452
1403638598.227829 9.014700 -2.427086 2.826709 0.129148 0.794920 -0.111321 0.582263
1403638598.327830 9.028164 -2.139767 2.832076 0.114728 0.797480 -0.118640 0.580334
1403638598.427830 9.039625 -1.853405 2.832764 0.107564 0.799470 -0.122172 0.578232
1403638598.527829 9.048019 -1.568226 2.828208 0.103690 0.801070 -0.121991 0.576762
1403638598.627830 9.054010 -1.285050 2.815380 0.098926 0.804212 -0.116897 0.574276
1403638598.727829 9.059384 -1.004215 2.801293 0.092758 0.805900 -0.106606 0.574940
1403638598.827830 9.062967 -0.725206 2.791503 0.083882 0.806888 -0.093938 0.577124
1403638598.927830 9.064817 -0.448971 2.787488 0.074612 0.809249 -0.078390 0.577412
1403638599.027829 9.064613 -0.174752 2.787590 0.061984 0.810897 -0.062734 0.578505
1403638599.127830 9.063182 0.097911 2.795935 0.051164 0.811918 -0.044559 0.579816
1403638599.227829 9.057683 0.369460 2.809272 0.039710 0.813273 -0.026057 0.579940
1403638599.327830 9.050001 0.639596 2.829344 0.026561 0.815125 -0.008003 0.578621
1403638599.427830 9.038742 0.907325 2.856620 0.017288 0.817810 0.008419 0.575167
1403638599.527829 9.027079 1.172745 2.886360 0.010359 0.819875 0.019531 0.572116
1403638599.627830 9.014637 1.435704 2.910943 0.004431 0.821473 0.024866 0.569688
1403638599.727829 9.000871 1.695788 2.926835 0.002180 0.822636 0.028115 0.567869
1403638599.827830 8.989618 1.954001 2.935405 0.000987 0.823272 0.027324 0.566988
1403638599.927830 8.980331 2.209735 2.939149 -0.001934 0.824520 0.023619 0.565337
1403638600.027829 8.973852 2.463381 2.938909 -0.007056 0.823939 0.017121 0.566376
1403638600.127830 8.971125 2.713180 2.935382 -0.015424 0.826093 0.007758 0.563270
1403638600.227829 8.970020 2.956743 2.927788 -0.027384 0.828960 -0.003815 0.558625
1403638600.327830 8.971250 3.190980 2.916120 -0.036289 0.830715 -0.013313 0.555354
1403638600.427830 8.977177 3.413207 2.905875 -0.044200 0.832003 -0.021565 0.552587
1403638600.527829 8.987965 3.620249 2.903914 -0.045457 0.832747 -0.024316 0.551249
1403638600.627830 9.004290 3.811947 2.910585 -0.045097 0.834103 -0.025604 0.549166
1403638600.727829 9.025663 3.989043 2.924565 -0.045686 0.836288 -0.026720 0.545729
1403638600.827830 9.053193 4.151959 2.944269 -0.042169 0.840241 -0.023494 0.540060
1403638600.927830 9.087223 4.302080 2.966433 -0.026552 0.843337 -0.011018 0.536615
1403638601.027829 9.128571 4.444291 2.982903 -0.013016 0.844115 0.000143 0.536004
1403638601.127830 9.177042 4.582670 2.993616 -0.006363 0.842868 0.005812 0.538052
1403638601.227829 9.232477 4.717951 2.998954 0.002385 0.839802 0.013035 0.542731
1403638601.327830 9.294771 4.853926 3.001031 0.008637 0.832327 0.019432 0.553877
1403638601.427830 9.360867 4.994348 3.003136 -0.001842 0.827854 0.021791 0.560517
1403638601.527829 9.428713 5.136636 3.010358 -0.013623 0.823498 0.031253 0.566294
1403638601.627830 9.496560 5.280816 3.022373 -0.024698 0.819956 0.048124 0.569865
1403638601.727829 9.564621 5.426409 3.039343 -0.036743 0.817151 0.071059 0.570846
1403638601.827830 9.630150 5.571151 3.063626 -0.050175 0.812522 0.098637 0.572329
1403638601.927830 9.693818 5.715480 3.093354 -0.064182 0.807713 0.126123 0.572341
1403638602.027829 9.754715 5.858479 3.120814 -0.077126 0.805159 0.146184 0.569561
1403638602.127830 9.812635 6.001030 3.142127 -0.085313 0.801960 0.161455 0.568783
1403638602.227829 9.866150 6.145182 3.158102 -0.090887 0.795517 0.178125 0.571982
1403638602.327830 9.913687 6.291837 3.171024 -0.104343 0.786775 0.194127 0.576552
1403638602.427830 9.953518 6.441712 3.190214 -0.136605 0.770883 0.201709 0.588551
1403638602.527829 9.984184 6.587941 3.219377 -0.172411 0.747183 0.206700 0.607673
1403638602.627830 10.001440 6.722408 3.255505 -0.201778 0.730089 0.214615 0.616600
1403638602.727829 10.004004 6.838348 3.295358 -0.216923 0.723713 0.231455 0.612872
1403638602.827830 9.991406 6.936991 3.341021 -0.225116 0.719774 0.252624 0.606159
1403638602.927830 9.963455 7.018093 3.389597 -0.239195 0.717987 0.270718 0.594972
1403638603.027829 9.923069 7.087571 3.437633 -0.260958 0.716457 0.284340 0.581155
1403638603.127830 9.879772 7.139442 3.480565 -0.277812 0.708530 0.298269 0.576057
1403638603.227829 9.829144 7.176710 3.513596 -0.282295 0.707773 0.314216 0.566247
1403638603.327830 9.772584 7.199069 3.535360 -0.276108 0.719542 0.331109 0.544418
1403638603.427830 9.714736 7.213681 3.549593 -0.270257 0.730361 0.342423 0.525624
1403638603.527829 9.658609 7.225343 3.560097 -0.268246 0.733935 0.347743 0.518130
1403638603.627830 9.606222 7.240425 3.567689 -0.272397 0.728040 0.349727 0.522923
1403638603.727829 9.552889 7.249096 3.568705 -0.269381 0.719727 0.354473 0.532706
1403638603.827830 9.498774 7.256920 3.563599 -0.263034 0.711854 0.359667 0.542877
1403638603.927830 9.440822 7.265830 3.553258 -0.255949 0.704792 0.363889 0.552578
1403638604.027829 9.368446 7.260548 3.534318 -0.250643 0.699679 0.366441 0.559776
1403638604.127830 9.292137 7.268987 3.519273 -0.246712 0.696815 0.367781 0.564198
1403638604.227829 9.200093 7.260866 3.507919 -0.249724 0.698274 0.366200 0.562093
1403638604.327830 9.100320 7.261386 3.505293 -0.255952 0.705010 0.361968 0.553560
1403638604.427830 8.988349 7.243917 3.506386 -0.258011 0.713240 0.360662 0.542810
1403638604.527829 8.876512 7.231664 3.513941 -0.254679 0.720683 0.362551 0.533209
1403638604.627830 8.762273 7.214830 3.520615 -0.253430 0.723937 0.363305 0.528865
1403638604.727829 8.646832 7.196171 3.521658 -0.257344 0.726714 0.360538 0.525046
1403638604.827830 8.531660 7.174740 3.520052 -0.260483 0.729149 0.358148 0.521747
1403638604.927830 8.417770 7.150346 3.520570 -0.258794 0.733367 0.359164 0.515946
1403638605.027829 8.306244 7.124276 3.525851 -0.255815 0.740614 0.361276 0.505500
1403638605.127830 8.196194 7.096376 3.540457 -0.252991 0.746000 0.363412 0.497404
1403638605.227829 8.090999 7.071287 3.562348 -0.250044 0.747805 0.365737 0.494472
1403638605.327830 7.991068 7.050859 3.582366 -0.245438 0.746692 0.369259 0.495842
1403638605.427830 7.894465 7.037546 3.599162 -0.238750 0.738988 0.374337 0.506721
1403638605.527829 7.799482 7.026045 3.610457 -0.232912 0.728668 0.378952 0.520760
1403638605.627830 7.702488 7.019041 3.616249 -0.226866 0.721161 0.383418 0.530518
1403638605.727829 7.598240 7.013874 3.618955 -0.224282 0.717791 0.385641 0.534559
1403638605.827830 7.486003 7.013975 3.629543 -0.222921 0.718292 0.386570 0.533785
1403638605.927830 7.369882 7.022174 3.650807 -0.220076 0.717701 0.388102 0.534648
1403638606.027829 7.244187 7.035288 3.672945 -0.216111 0.716958 0.389852 0.535987
1403638606.127830 7.115059 7.054712 3.692438 -0.213209 0.717031 0.390737 0.536407
1403638606.227829 6.973288 7.077660 3.701449 -0.210156 0.717167 0.392204 0.536360
1403638606.327830 6.827923 7.107218 3.705500 -0.211362 0.721132 0.390270 0.531962
1403638606.427830 6.671965 7.141189 3.697878 -0.218291 0.731401 0.384580 0.519134
1403638606.527829 6.512353 7.180718 3.683896 -0.226839 0.741997 0.377774 0.505244
1403638606.627830 6.358737 7.227420 3.665042 -0.232308 0.748079 0.376430 0.494683
1403638606.727829 6.209967 7.281754 3.641621 -0.236302 0.749502 0.382901 0.485587
1403638606.827830 6.067105 7.343267 3.614754 -0.242835 0.746928 0.393982 0.477397
1403638606.927830 5.932215 7.413617 3.590118 -0.252478 0.740867 0.408252 0.469789
1403638607.027829 5.803649 7.492613 3.573505 -0.265715 0.732591 0.423151 0.462223
1403638607.127830 5.683212 7.577883 3.567266 -0.282464 0.725010 0.432697 0.455355
1403638607.227829 5.570280 7.668513 3.567835 -0.296981 0.712314 0.438852 0.460239
1403638607.327830 5.464396 7.761403 3.564054 -0.309959 0.700505 0.440886 0.467801
1403638607.427830 5.363330 7.854754 3.551586 -0.319283 0.693897 0.441512 0.470780
1403638607.527829 5.265415 7.946088 3.530852 -0.323645 0.692943 0.442111 0.468638
1403638607.627830 5.171125 8.034193 3.504743 -0.324873 0.691649 0.443362 0.468519
1403638607.727829 5.081455 8.120497 3.475424 -0.324596 0.689248 0.443714 0.471902
1403638607.827830 4.995896 8.204291 3.441937 -0.323911 0.689855 0.443363 0.471817
1403638607.927830 4.914596 8.286326 3.403483 -0.326218 0.694100 0.439983 0.467143
1403638608.027829 4.839041 8.365922 3.362549 -0.328426 0.695836 0.436367 0.466404
1403638608.127830 4.771302 8.444405 3.315750 -0.326885 0.693234 0.435358 0.472268
1403638608.227829 4.708156 8.519706 3.263551 -0.323399 0.689267 0.435892 0.479919
1403638608.327830 4.645519 8.590509 3.209538 -0.323431 0.684325 0.434320 0.488321
1403638608.427830 4.588480 8.657391 3.147545 -0.323996 0.680794 0.433506 0.493577
1403638608.527829 4.527367 8.718607 3.081379 -0.322343 0.682673 0.434204 0.491446
1403638608.627830 4.474709 8.775179 3.010474 -0.324532 0.681919 0.431851 0.493123
1403638608.727829 4.420614 8.825769 2.945476 -0.328495 0.679153 0.429593 0.496279
1403638608.827830 4.361908 8.867883 2.885559 -0.326845 0.681832 0.430986 0.492472
1403638608.927830 4.309514 8.906041 2.831592 -0.325185 0.685744 0.432347 0.486916
1403638609.027829 4.258105 8.938455 2.784828 -0.325360 0.689456 0.432501 0.481388
1403638609.127830 4.209025 8.968142 2.745172 -0.324222 0.690987 0.433183 0.479343
1403638609.227829 4.159271 8.991669 2.710349 -0.331035 0.691032 0.428301 0.479008
1403638609.327830 4.113317 9.012097 2.669191 -0.334848 0.691459 0.425271 0.478442
1403638609.427830 4.070883 9.029861 2.620036 -0.331700 0.691405 0.427202 0.478992
1403638609.527829 4.030902 9.038262 2.565476 -0.328015 0.691442 0.429363 0.479544
1403638609.627830 3.990232 9.049969 2.502806 -0.326014 0.691453 0.430276 0.480073
1403638609.727829 3.955617 9.053197 2.437844 -0.323032 0.690254 0.432472 0.481838
1403638609.827830 3.920341 9.062956 2.373462 -0.323383 0.691280 0.432169 0.480402
1403638609.927830 3.890747 9.062661 2.320355 -0.323599 0.690876 0.431930 0.481051
1403638610.027829 3.860441 9.069771 2.271090 -0.325771 0.689782 0.430237 0.482670
1403638610.127830 3.835335 9.063886 2.232597 -0.328890 0.686946 0.427929 0.486635
1403638610.227829 3.811472 9.054227 2.193438 -0.330212 0.684184 0.426911 0.490510
1403638610.327830 3.788978 9.040206 2.147943 -0.331428 0.683306 0.425672 0.491987
1403638610.427830 3.767874 9.021642 2.096451 -0.332682 0.682970 0.424475 0.492641
1403638610.527829 3.742204 9.011403 2.035808 -0.332186 0.680068 0.424304 0.497118
1403638610.627830 3.722727 8.980184 1.978044 -0.337785 0.672927 0.420276 0.506398
1403638610.727829 3.700927 8.940016 1.920759 -0.338065 0.673608 0.420563 0.505065
1403638610.827830 3.677861 8.890920 1.867386 -0.334881 0.680868 0.424033 0.494438
1403638610.927830 3.657403 8.838472 1.824689 -0.333259 0.683787 0.426615 0.489257
1403638611.027829 3.630092 8.800606 1.778508 -0.335891 0.682804 0.424798 0.490410
1403638611.127830 3.604515 8.760157 1.726146 -0.338300 0.680183 0.423730 0.493312
1403638611.227829 3.588179 8.695578 1.676938 -0.338131 0.679623 0.424700 0.493366
1403638611.327830 3.572755 8.624721 1.631261 -0.335455 0.678959 0.427064 0.494066
1403638611.427830 3.557565 8.546569 1.591117 -0.324823 0.674304 0.434185 0.501286
1403638611.527829 3.532191 8.487556 1.546807 -0.314026 0.671443 0.441076 0.505968
1403638611.627830 3.506855 8.417825 1.512009 -0.308759 0.673349 0.443627 0.504444
1403638611.727829 3.479369 8.335623 1.485869 -0.310673 0.677519 0.441868 0.499203
1403638611.827830 3.450876 8.259086 1.450888 -0.317007 0.683407 0.436842 0.491559
1403638611.927830 3.420553 8.174145 1.415114 -0.320663 0.688212 0.433353 0.485536
1403638612.027829 3.391472 8.090126 1.376592 -0.322306 0.690925 0.431704 0.482051
1403638612.127830 3.364400 8.006196 1.344869 -0.323700 0.692825 0.430116 0.479805
1403638612.227829 3.338490 7.921818 1.320952 -0.322830 0.693377 0.430254 0.479469
1403638612.327830 3.317462 7.838375 1.305316 -0.322274 0.693033 0.430539 0.480085
1403638612.427830 3.296423 7.753153 1.293213 -0.321401 0.692029 0.430299 0.482327
1403638612.527829 3.280021 7.668602 1.272720 -0.319410 0.690029 0.430204 0.486581
1403638612.627830 3.260663 7.581424 1.247872 -0.314597 0.688362 0.432053 0.490426
1403638612.727829 3.244688 7.496684 1.214537 -0.310347 0.686600 0.433157 0.494610
1403638612.827830 3.223828 7.410510 1.180160 -0.309356 0.685696 0.431518 0.497908
1403638612.927830 3.203072 7.324399 1.146031 -0.310331 0.685285 0.429101 0.499951
1403638613.027829 3.175675 7.238233 1.120913 -0.310139 0.687785 0.428099 0.497491
1403638613.127830 3.149604 7.152054 1.101024 -0.310363 0.689303 0.427245 0.495981
1403638613.227829 3.117580 7.065689 1.092333 -0.310259 0.691072 0.426917 0.493863
1403638613.327830 3.089281 6.980688 1.086138 -0.309248 0.691656 0.427450 0.493219
1403638613.427830 3.055152 6.896116 1.088855 -0.308471 0.691007 0.427901 0.494222
1403638613.527829 3.024710 6.811995 1.081007 -0.309585 0.690943 0.424446 0.496590
1403638613.627830 2.993293 6.728724 1.067447 -0.311430 0.692595 0.418266 0.498374
1403638613.727829 2.956016 6.645658 1.052331 -0.315318 0.691734 0.411548 0.502699
1403638613.827830 2.923425 6.558708 1.024021 -0.315138 0.692294 0.404202 0.507974
1403638613.927830 2.886012 6.469334 0.994445 -0.309761 0.696611 0.395344 0.512332
1403638614.027829 2.852739 6.372874 0.954714 -0.299209 0.703783 0.384689 0.516893
1403638614.127830 2.814790 6.274704 0.916704 -0.286193 0.713407 0.371659 0.520589
1403638614.227829 2.776093 6.172489 0.881702 -0.272592 0.723522 0.358304 0.523286
1403638614.327830 2.736691 6.068746 0.851009 -0.262670 0.731560 0.346996 0.524803
1403638614.427830 2.697184 5.965589 0.827794 -0.257370 0.737507 0.337286 0.525435
1403638614.527829 2.657547 5.861704 0.812907 -0.254371 0.742071 0.329132 0.525640
1403638614.627830 2.618560 5.755735 0.803166 -0.250784 0.746677 0.319100 0.527025
1403638614.727829 2.582612 5.648549 0.801426 -0.248335 0.754318 0.304912 0.525703
1403638614.827830 2.548196 5.537383 0.807728 -0.243148 0.765103 0.287946 0.522095
1403638614.927830 2.518203 5.424017 0.821450 -0.232434 0.775552 0.270403 0.520938
1403638615.027829 2.495161 5.308893 0.840049 -0.217907 0.784682 0.249848 0.523799
1403638615.127830 2.477907 5.191065 0.862881 -0.197442 0.791205 0.228601 0.531746
1403638615.227829 2.465988 5.071342 0.892098 -0.173303 0.793308 0.207661 0.545440
1403638615.327830 2.457319 4.953698 0.922588 -0.151260 0.796424 0.183617 0.555980
1403638615.427830 2.449852 4.838217 0.948450 -0.130555 0.799983 0.157765 0.563996
1403638615.527829 2.443490 4.725837 0.969061 -0.111069 0.804027 0.132395 0.568925
1403638615.627830 2.437109 4.617064 0.985428 -0.095901 0.806591 0.111436 0.572535
1403638615.727829 2.430632 4.512310 1.002609 -0.085832 0.808526 0.096719 0.574076
1403638615.827830 2.423344 4.409970 1.027684 -0.079032 0.809834 0.085895 0.574930
1403638615.927830 2.414392 4.308197 1.056437 -0.073855 0.810927 0.073316 0.575819
1403638616.027829 2.404688 4.206612 1.080560 -0.065723 0.812610 0.061495 0.575817
1403638616.127830 2.394061 4.104701 1.097025 -0.055958 0.813619 0.048923 0.576627
1403638616.227829 2.382534 4.002293 1.098141 -0.046207 0.815154 0.032574 0.576479
1403638616.327830 2.370242 3.897693 1.081934 -0.033805 0.816217 0.013645 0.576594
1403638616.427830 2.356707 3.791080 1.053759 -0.020934 0.816965 -0.005216 0.576283
1403638616.527829 2.342064 3.683882 1.020429 -0.011500 0.817842 -0.020753 0.574954
1403638616.627830 2.327499 3.574838 0.984496 -0.003712 0.820812 -0.031597 0.570312
1403638616.727829 2.313124 3.464577 0.944771 -0.002044 0.828014 -0.041107 0.559195
1403638616.827830 2.303116 3.352939 0.902462 -0.006813 0.835615 -0.050145 0.546979
1403638616.927830 2.300276 3.236211 0.864803 -0.007273 0.837695 -0.052762 0.543535
1403638617.027829 2.305951 3.113244 0.838397 -0.000462 0.834410 -0.047682 0.549078
1403638617.127830 2.317499 2.987016 0.822100 0.006305 0.830489 -0.040677 0.555513
1403638617.227829 2.332831 2.861363 0.813154 0.009649 0.830259 -0.034854 0.556204
1403638617.327830 2.353335 2.743661 0.809362 0.008971 0.833425 -0.031863 0.551641
1403638617.427830 2.374163 2.619720 0.812341 0.009665 0.837509 -0.028092 0.545615
1403638617.527829 2.400800 2.502575 0.822708 0.009557 0.839228 -0.024786 0.543131
1403638617.627830 2.432837 2.387811 0.840606 0.009609 0.838735 -0.021996 0.544011
1403638617.727829 2.476301 2.278603 0.867039 0.011309 0.836986 -0.017792 0.546818
1403638617.827830 2.519819 2.167574 0.898575 0.011579 0.836815 -0.015076 0.547156
1403638617.927830 2.566364 2.054867 0.936154 0.010007 0.835576 -0.013939 0.549108
1403638618.027829 2.615849 1.941894 0.971822 0.008836 0.835019 -0.012668 0.550005
1403638618.127830 2.666994 1.826440 1.000683 0.006663 0.835031 -0.012086 0.550030
1403638618.227829 2.731060 1.729709 1.026085 0.006058 0.834782 -0.010920 0.550439
1403638618.327830 2.787483 1.615958 1.043202 0.006210 0.833988 -0.009275 0.551669
1403638618.427830 2.856120 1.523547 1.059569 0.005993 0.833868 -0.008196 0.551871
1403638618.527829 2.918582 1.418682 1.072700 0.005253 0.833230 -0.006957 0.552858
1403638618.627830 2.992975 1.330612 1.085010 0.007883 0.832875 -0.008810 0.553334
1403638618.727829 3.064190 1.238053 1.098052 0.011980 0.832605 -0.011040 0.553627
1403638618.827830 3.141075 1.153257 1.116583 0.013240 0.831436 -0.015014 0.555259
1403638618.927830 3.222220 1.074227 1.140411 0.017997 0.828811 -0.020394 0.558867
1403638619.027829 3.305684 0.998008 1.160101 0.026633 0.824451 -0.031780 0.564412
1403638619.127830 3.389454 0.924679 1.171502 0.040606 0.820957 -0.047737 0.567540
1403638619.227829 3.474006 0.854349 1.174880 0.054318 0.817495 -0.069548 0.569134
1403638619.327830 3.558208 0.787505 1.169252 0.069763 0.814054 -0.094513 0.568786
1403638619.427830 3.640502 0.724140 1.155088 0.083020 0.809647 -0.117984 0.568910
1403638619.527829 3.722916 0.664599 1.138513 0.091301 0.805810 -0.136415 0.568969
1403638619.627830 3.804837 0.608251 1.119034 0.094079 0.802958 -0.151949 0.568611
1403638619.727829 3.885396 0.552865 1.096688 0.088616 0.800412 -0.166851 0.568901
1403638619.827830 3.963715 0.495561 1.073491 0.086332 0.797663 -0.175852 0.570400
1403638619.927830 4.038496 0.435066 1.048777 0.086897 0.796159 -0.180891 0.570840
1403638620.027829 4.108650 0.370206 1.021346 0.089524 0.794940 -0.182877 0.571499
1403638620.127830 4.175381 0.301197 1.000843 0.092903 0.792182 -0.182959 0.574755
1403638620.227829 4.235111 0.230018 0.985593 0.095652 0.789944 -0.182429 0.577546
1403638620.327830 4.291026 0.154689 0.981360 0.099658 0.791635 -0.179894 0.575344
1403638620.427830 4.338384 0.080113 0.981966 0.100976 0.792749 -0.178170 0.574116
1403638620.527829 4.385696 0.001133 0.990243 0.101538 0.794055 -0.175943 0.572897
1403638620.627830 4.426292 -0.076130 0.990524 0.099623 0.796243 -0.175157 0.570432
1403638620.727829 4.463930 -0.154342 0.985209 0.095777 0.799457 -0.175761 0.566395
1403638620.827830 4.504665 -0.238427 0.981462 0.094402 0.802543 -0.174224 0.562725
1403638620.927830 4.539092 -0.320180 0.969077 0.099364 0.804406 -0.168193 0.561043
1403638621.027829 4.572900 -0.402468 0.954312 0.104009 0.803602 -0.162319 0.563080
1403638621.127830 4.610457 -0.489566 0.948413 0.104507 0.802481 -0.159300 0.565444
1403638621.227829 4.643196 -0.568946 0.941764 0.104146 0.800922 -0.156955 0.568369
1403638621.327830 4.678077 -0.651334 0.948802 0.105635 0.801384 -0.154030 0.568243
1403638621.427830 4.708832 -0.727422 0.949118 0.105523 0.800186 -0.151973 0.570501
1403638621.527829 4.734381 -0.802380 0.948033 0.106404 0.798145 -0.149552 0.573826
1403638621.627830 4.762772 -0.873483 0.938346 0.106227 0.796480 -0.148164 0.576526
1403638621.727829 4.779705 -0.938452 0.924965 0.106481 0.795601 -0.147145 0.577953
1403638621.827830 4.801424 -1.003944 0.907946 0.107857 0.793301 -0.145570 0.581249
1403638621.927830 4.817316 -1.064966 0.887989 0.109214 0.789866 -0.144014 0.586041
1403638622.027829 4.816727 -1.112157 0.862698 0.108500 0.788302 -0.144170 0.588237
1403638622.127830 4.824938 -1.166223 0.836106 0.105875 0.788955 -0.146338 0.587304
1403638622.227829 4.826581 -1.215046 0.809580 0.103466 0.789293 -0.148089 0.586839
1403638622.327830 4.823068 -1.261315 0.788701 0.101186 0.789287 -0.150107 0.586733
1403638622.427830 4.792773 -1.281012 0.772449 0.103874 0.790109 -0.149655 0.585271
1403638622.527829 4.777825 -1.325727 0.768136 0.106725 0.790147 -0.148451 0.585012
1403638622.627830 4.756208 -1.363685 0.769409 0.111635 0.788588 -0.145934 0.586831
1403638622.727829 4.705409 -1.359982 0.777875 0.115112 0.780537 -0.144598 0.597163
1403638622.827830 4.676612 -1.394855 0.800308 0.116838 0.770883 -0.144154 0.609351
1403638622.927830 4.618074 -1.381088 0.819086 0.116661 0.770894 -0.145591 0.609029
1403638623.027829 4.557925 -1.371894 0.833654 0.114237 0.777024 -0.148716 0.600888
1403638623.127830 4.498667 -1.379600 0.846850 0.110294 0.782773 -0.152270 0.593224
1403638623.227829 4.425702 -1.362993 0.851279 0.106478 0.785819 -0.155303 0.589095
1403638623.327830 4.349925 -1.345700 0.851295 0.104220 0.789243 -0.157260 0.584383
1403638623.427830 4.275455 -1.347204 0.850197 0.104359 0.791995 -0.157342 0.580600
1403638623.527829 4.196899 -1.332129 0.844577 0.103176 0.792508 -0.158288 0.579854
1403638623.627830 4.115842 -1.331118 0.848249 0.106014 0.791897 -0.157032 0.580518
1403638623.727829 4.031767 -1.318821 0.855815 0.107875 0.792587 -0.156757 0.579307
1403638623.827830 3.942184 -1.315103 0.872484 0.109566 0.793430 -0.156472 0.577911
1403638623.927830 3.847869 -1.308370 0.889922 0.111190 0.795148 -0.157125 0.575055
1403638624.027829 3.752617 -1.295535 0.898358 0.111500 0.795793 -0.158429 0.573743
1403638624.127830 3.654888 -1.286785 0.905507 0.109308 0.796251 -0.161320 0.572723
1403638624.227829 3.556214 -1.274528 0.902493 0.106856 0.796181 -0.164279 0.572442
1403638624.327830 3.455893 -1.263454 0.900523 0.105823 0.795437 -0.166298 0.573085
1403638624.427830 3.354948 -1.252396 0.893267 0.105796 0.795171 -0.167633 0.573070
1403638624.527829 3.252966 -1.240512 0.878067 0.104718 0.792011 -0.170033 0.576924
1403638624.627830 3.148347 -1.229292 0.865935 0.102236 0.782285 -0.172573 0.589743
1403638624.727829 3.038706 -1.218019 0.852612 0.106639 0.784699 -0.165838 0.587685
1403638624.827830 2.925424 -1.206227 0.840102 0.109829 0.791660 -0.156207 0.580355
1403638624.927830 2.807208 -1.190866 0.840788 0.107235 0.796107 -0.150793 0.576173
1403638625.027829 2.688939 -1.176190 0.841740 0.100004 0.797634 -0.149091 0.575805
1403638625.127830 2.569389 -1.158460 0.843516 0.091830 0.798646 -0.149694 0.575607
1403638625.227829 2.449440 -1.145231 0.837910 0.087733 0.799785 -0.148828 0.574889
1403638625.327830 2.329064 -1.129825 0.832169 0.086477 0.800086 -0.147388 0.575032
1403638625.427830 2.207600 -1.120937 0.828453 0.085985 0.799921 -0.146160 0.575647
1403638625.527829 2.086997 -1.108485 0.831392 0.085971 0.799724 -0.145676 0.576046
1403638625.627830 1.966129 -1.097827 0.840481 0.086527 0.801197 -0.145467 0.573966
1403638625.727829 1.843948 -1.094590 0.856544 0.085377 0.804143 -0.146195 0.569817
1403638625.827830 1.724314 -1.086164 0.868885 0.084678 0.808499 -0.147189 0.563466
1403638625.927830 1.603770 -1.086944 0.880883 0.085829 0.809537 -0.146910 0.561873
1403638626.027829 1.487651 -1.087529 0.885692 0.085704 0.810299 -0.147919 0.560527
1403638626.127830 1.372787 -1.088268 0.885630 0.083995 0.810723 -0.149822 0.559666
1403638626.227829 1.261876 -1.089525 0.880562 0.085562 0.810588 -0.149198 0.559790
1403638626.327830 1.152809 -1.098992 0.871988 0.091838 0.808671 -0.145307 0.562586
1403638626.427830 1.046242 -1.102302 0.860792 0.097448 0.806503 -0.141189 0.565793
1403638626.527829 0.941221 -1.105091 0.846298 0.098859 0.807799 -0.139780 0.564047
1403638626.627830 0.838284 -1.112724 0.832203 0.097591 0.809903 -0.140490 0.561066
1403638626.727829 0.737594 -1.112412 0.820317 0.095894 0.812740 -0.141215 0.557061
1403638626.827830 0.643355 -1.118738 0.815360 0.094128 0.815968 -0.142171 0.552380
1403638626.927830 0.553977 -1.119528 0.819469 0.094133 0.818233 -0.141673 0.549147
1403638627.027829 0.472175 -1.126127 0.825665 0.093445 0.818303 -0.141492 0.549207
1403638627.127830 0.392916 -1.127943 0.829906 0.092696 0.818091 -0.141322 0.549694
1403638627.227829 0.318253 -1.130739 0.830217 0.092086 0.817979 -0.141122 0.550014
1403638627.327830 0.247919 -1.134119 0.827995 0.094705 0.817995 -0.138853 0.550123
1403638627.427830 0.185425 -1.142407 0.818001 0.095852 0.817888 -0.137799 0.550348
1403638627.527829 0.123925 -1.146582 0.811932 0.095530 0.817554 -0.138068 0.550832
1403638627.627830 0.066612 -1.150233 0.804265 0.098759 0.815493 -0.136563 0.553686
1403638627.727829 0.012848 -1.153497 0.796120 0.099640 0.812425 -0.136323 0.558081
1403638627.827830 -0.032096 -1.158624 0.779299 0.100799 0.811095 -0.136011 0.559880
1403638627.927830 -0.082063 -1.159529 0.770825 0.101585 0.812246 -0.135959 0.558079
1403638628.027829 -0.129797 -1.158661 0.761394 0.102799 0.813801 -0.135883 0.555604
1403638628.127830 -0.175174 -1.156231 0.753984 0.103372 0.814749 -0.136410 0.553977
1403638628.227829 -0.217832 -1.152438 0.748921 0.103736 0.814850 -0.137128 0.553584
1403638628.327830 -0.257068 -1.147157 0.746105 0.103346 0.815505 -0.138263 0.552407
1403638628.427830 -0.283891 -1.142497 0.735618 0.100835 0.815086 -0.140342 0.552966
1403638628.527829 -0.314677 -1.135642 0.739156 0.092452 0.809259 -0.146671 0.561284
1403638628.627830 -0.344753 -1.128712 0.744310 0.086106 0.802459 -0.151375 0.570728
1403638628.727829 -0.367548 -1.123974 0.736476 0.083613 0.801968 -0.153132 0.571320
1403638628.827830 -0.386466 -1.120685 0.724384 0.087270 0.803408 -0.151167 0.569271
1403638628.927830 -0.415845 -1.122666 0.718098 0.091671 0.803493 -0.148776 0.569089
1403638629.027829 -0.448122 -1.124697 0.711535 0.096636 0.804502 -0.145350 0.567725
1403638629.127830 -0.469677 -1.124553 0.697137 0.100131 0.805818 -0.142631 0.565940
1403638629.227829 -0.498763 -1.126432 0.696174 0.101808 0.806850 -0.141115 0.564549
1403638629.327830 -0.517946 -1.123989 0.685204 0.103128 0.807678 -0.140528 0.563270
1403638629.427830 -0.544312 -1.122674 0.687843 0.102673 0.811787 -0.141441 0.557185
1403638629.527829 -0.559485 -1.116334 0.677753 0.099954 0.816431 -0.144079 0.550173
1403638629.627830 -0.564173 -1.109601 0.670859 0.092934 0.816726 -0.149587 0.549496
1403638629.727829 -0.564824 -1.103190 0.669142 0.082876 0.812686 -0.157392 0.554888
1403638629.827830 -0.570401 -1.101651 0.672186 0.079019 0.806659 -0.160710 0.563231
1403638629.927830 -0.579233 -1.104629 0.668133 0.084186 0.800480 -0.158107 0.571968
1403638630.027829 -0.590330 -1.109213 0.654413 0.095088 0.794566 -0.151005 0.580362
1403638630.127830 -0.606469 -1.114379 0.629581 0.101728 0.794910 -0.146393 0.579947
1403638630.227829 -0.626388 -1.117247 0.598400 0.104431 0.798983 -0.144352 0.574355
1403638630.327830 -0.650413 -1.121688 0.561976 0.106862 0.805655 -0.143887 0.564622
1403638630.427830 -0.661623 -1.121007 0.561243 0.092227 0.811875 -0.150311 0.556561
1403638630.527829 -0.670934 -1.123513 0.570567 0.101330 0.802269 -0.143073 0.570637
1403638630.627830 -0.684483 -1.125930 0.559338 0.102127 0.801461 -0.143465 0.571531
1403638630.727829 -0.703136 -1.130906 0.540355 0.092741 0.827698 -0.136587 0.536339
1403638630.827830 -0.734990 -1.138796 0.536767 0.097085 0.825157 -0.138526 0.538981
1403638630.927830 -0.765327 -1.141533 0.531830 0.096140 0.825990 -0.136753 0.538328
1403638631.027829 -0.796495 -1.144504 0.527470 0.095676 0.826213 -0.137044 0.537993
1403638631.127830 -0.828301 -1.147911 0.523163 0.095241 0.826253 -0.137393 0.537920
1403638631.227829 -0.861202 -1.151296 0.518916 0.095427 0.826265 -0.137268 0.537901
1403638631.327830 -0.894027 -1.154824 0.514959 0.095435 0.826160 -0.137334 0.538044
1403638631.427830 -0.927733 -1.158316 0.510938 0.095654 0.826178 -0.137174 0.538018
1403638631.527829 -0.961679 -1.161945 0.507163 0.095685 0.826275 -0.137279 0.537837
1403638631.627830 -0.995968 -1.165675 0.503400 0.095924 0.826354 -0.137127 0.537712
